0
4613
2976
3298
2777
5367
2437
3090
2870
4540
2957
3157
2770
7483
5324
7108
5451
7655
4639
4318
8280
5374
4894
8540
5014
5458
6334
5547
5510
7015
9932
23209
7000
17221
7920
5137
4947
13444
3208
5887
3716
3635
2993
3878
3362
3814
3138
4204
3752
4546
4721
5263
3710
4597
3195
3129
3297
3373
3280
4090
13781
6097
4374
2900
6547
7151
14593
5094
4934
15943
13965
3780
4307
3099
19987
10065
30894
17529
3961
3767
35262
38425
18231
20968
3205
13119
3380
3441
6434
5643
5582
50334
14768
8905
11905
11931
6656
20925
8261
4756
