0
167257
1865565
1961247
1810298
2205388
4475344
5288336
6730518
7441443
8377808
8016471
8890743
11555844
11091945
9834953
11630415
12162182
13323966
13976950
12734958
14863059
15724758
16069708
14919100
14593036
17063917
15835878
13379431
14842766
16185693
16191513
16041173
17829682
16878323
15884805
18565211
17478350
18779543
17845092
15929864
18399796
20247462
18837870
19437421
18668651
19442081
18683034
19488858
20057477
17674251
17540201
18874860
20600724
17581643
20060085
20270586
20132704
20995775
20618689
17892883
20757476
18266221
16002825
18490865
17844172
21047919
19862922
20883888
17335875
17225399
19840924
21918332
19477767
19036155
21526216
19881640
20345307
20455993
20542927
16404806
22465112
19164110
21830605
21868086
22327810
16208433
22252850
22430892
22433636
22248354
22541353
22462993
22288372
19262219
21878207
22132826
22109067
21593646
21964541
