0
192214
550421
562469
551831
595622
566475
589092
574104
602336
541113
588934
537593
595526
540624
552890
558208
583384
592277
585098
552967
565739
554997
605520
552893
568624
591788
554397
579243
556110
621784
511991
588823
574170
578197
543081
567973
587256
559281
569733
544759
578819
547647
578538
523957
619961
579935
575193
589881
556084
593601
568799
599411
555853
594764
577378
592998
583161
600004
588711
592436
529846
584716
584818
585623
596697
577308
577869
564626
570010
555214
555265
562189
560248
601567
554369
590545
531442
590892
595683
558679
545269
551385
559085
565235
570715
549475
547350
574550
543174
590606
580162
555277
581745
569667
521755
560563
529089
571864
566118
