0
184136
476637
492021
591896
558541
567524
572277
580343
547968
585977
574702
574626
559479
614480
564596
593450
566228
614887
529723
558776
530073
514620
586930
567664
585567
610106
584675
586677
591144
547988
584094
606272
588662
570703
601214
591846
572401
550729
601455
561617
580823
499239
604411
550761
592751
499566
586591
578275
557585
563967
585573
579730
592159
565129
595691
608056
571719
556826
613829
551906
620592
513463
563593
568861
584026
580264
598599
592995
586859
599310
572736
576979
579864
597641
554900
558767
548907
600338
540339
564517
564281
504346
576847
598578
567223
592346
591207
574016
624372
552812
576241
589736
591984
556631
548473
555670
538791
557078
542709
