0
11712
7594
10236
5826
8064
6311
5634
5213
5187
7371
3619
3350
2946
4995
4918
3384
3837
3467
3564
5881
3953
2080
4224
6482
5583
6803
7253
4599
5085
14911
12648
8612
4344
2070
2329
3095
3383
2072
1694
1893
1837
2040
2111
3888
4493
6592
5717
7234
3388
2105
2837
2990
5711
7124
3165
4610
8557
8407
2266
3726
2673
3523
2973
2506
1492
1555
1844
2385
2701
3216
14035
7668
2909
2139
2696
2641
2059
1597
1773
1797
3876
1424
2249
2244
1557
1536
1593
1543
1992
2260
1220
1481
1569
1585
1641
1246
1827
1513
1915
