0
135661680
132466746
143258823
125758614
142392877
141679559
89109300
119592174
119530343
141327768
137020352
134508504
151764233
152758482
152591036
153728685
154549974
151723943
140110137
151309501
152954323
153116152
154279568
136046619
139186439
147443233
151214194
155129083
154559441
154409746
109524738
139323415
140445832
131731335
141569229
133944221
152856771
154990803
153201316
132313848
124272713
149481378
152784827
136501472
138182060
147902751
138994975
148386693
147768440
121037973
132683821
129789859
138587887
139048347
121902669
137875179
127943602
139173757
128188697
115328841
146992769
134700392
136833696
147028111
137244104
119983613
144501179
132539121
139844211
137678752
142408461
129266013
122245946
140714387
121536687
145631539
122308494
129599781
120423086
134925784
143449848
143344909
141602713
134003261
133062593
134119226
124810965
124855441
135962810
126111324
125400830
130105425
138982779
119832927
139313982
128260857
130681309
120932368
102429863
