0
269246179
311845015
273619032
373184209
383444447
388713610
375588799
385929346
380083751
376646341
297401567
361157319
314209892
361850068
388506548
401560674
396492401
389011453
378905550
371485262
304830655
376936273
355751148
393732317
389321923
362274810
371114679
373071977
402483260
405956922
410911643
403262751
372132362
340090059
338553490
366461844
358518963
311860993
332854931
344348900
380868245
347418786
352934236
377170910
395959210
384346547
392988223
393497095
396425896
366143006
399724256
385950355
363608003
403032133
405646895
409814450
375859082
331699740
356212973
393092405
371226819
257043235
370230776
355803732
308870600
404427459
332164893
330721524
403215874
399932556
400037438
400715648
390468162
396094268
401645651
400244057
374523582
364029353
385246025
388379056
368288032
304652829
341303289
286762441
310560276
309686384
302743267
376899077
381726095
356764975
340697975
356734734
388036224
320914910
351336709
374012417
331127389
334583856
341339971
