0
1071120
533586
508638
558039
558800
530494
487936
458866
507741
473019
469924
568927
478094
501318
456275
481046
486835
510809
504903
435709
353620
425076
510881
570990
563338
522103
501359
524818
465590
536073
556660
563058
552216
542443
594763
554388
577628
566011
551868
575389
581572
579157
546672
558502
587235
471305
522488
577793
551800
579053
565424
576788
539446
574197
542806
596211
466619
540999
494441
537161
527940
431895
552740
495470
542552
543839
518658
540072
507380
533016
546709
508357
530165
512117
553997
546693
551252
519438
486102
542019
533927
570701
525081
524016
534739
567718
546039
533368
546734
520054
464178
458228
550101
514639
569725
458760
496135
485085
491799
