0
1082060
559783
555714
556591
433297
468458
529149
496209
503768
560780
526247
565550
552174
595880
523914
543529
485130
469170
533398
577529
514274
465431
490937
568778
401916
519851
508046
564417
529751
546049
579429
511680
557199
554271
579988
550106
545583
556075
603864
562851
530399
539730
553620
550241
473991
538813
608053
589358
541702
497745
476356
504310
508033
554515
490838
502732
514809
513948
534667
515056
551753
514165
511681
491252
462856
544240
537300
554788
580288
562153
471151
521957
523844
500295
445179
511444
491556
579283
560278
551563
542690
542713
540941
550340
532445
541456
560304
532753
528239
545407
565539
544840
558414
515370
515118
485228
599179
507237
544596
