0
2673
2201
3240
1605
7135
2172
3353
4120
2027
1736
1652
2483
1689
1669
1290
1851
1466
1507
1248
1435
1400
2811
4283
1572
1389
1614
2382
1270
1180
1325
1700
4320
1620
1350
1327
1566
1795
2028
1802
1307
1384
1891
2410
1366
1394
1524
1591
1394
3545
2471
2606
2682
1609
1587
1578
1645
1897
1827
1433
1691
2002
2143
1923
1506
1390
1920
2840
3514
2171
1547
1845
1925
2115
3504
2180
6802
12826
3971
3218
17509
12872
6835
7532
10770
16379
20728
34846
3673
7461
9822
14360
11520
17152
16595
16051
2048
5394
7083
17663
