0
274744
1200222
1232290
1648953
2658850
3168485
3293825
5017139
4516812
5213351
6495192
6455447
6673448
6635091
7536048
7124930
5560837
5582718
5742971
8194542
8844330
8317933
7912721
9668376
10211045
10035741
10471504
9682502
10111398
10419687
10446868
10326631
10284443
11154016
11169954
10199592
10456063
11902226
11776956
11821657
11440259
12139154
12265075
12437613
12409072
12288872
12502758
12605781
13206758
13048234
13380900
13427846
13598335
13795967
13912408
13873699
12176080
13943932
13821699
13886711
14213853
14163353
14430840
14509445
14561864
14500640
14671585
14584657
14668634
14549279
14548422
14609796
14365678
14499933
14529123
14462517
14102100
14805339
14738331
14616945
14607409
14580482
14608406
13529927
14512899
14307073
13234031
14643139
14660823
14606667
14679252
14876641
14860970
14902271
14725806
14080655
13277026
14944354
15012578
