0
1643
1358
105241
193446
193121
196500
198824
200824
192640
197199
196406
185217
208191
192416
197818
153059
177640
197550
192438
185920
203120
188130
194868
199784
191617
206209
190141
199681
198134
206107
187648
204661
182524
195905
183871
170410
183148
199371
183359
203767
182563
202552
190329
196286
188103
196255
195096
193430
196566
181174
205040
192615
194373
194423
191318
167950
189267
186224
202104
198385
189633
198295
189868
199477
193534
198170
188853
200896
194132
197458
190395
193308
198663
196255
195495
168600
191330
195709
190113
193493
195661
198198
187268
196086
185318
196682
191772
197446
197957
194882
192908
195439
192815
192225
193050
165159
185328
208449
183739
