0
1378
1223
80620
188750
192268
198231
191362
196500
190831
197854
192271
189443
189901
195834
195459
194424
193287
186721
160354
188126
191033
188996
198678
191242
196735
181765
202782
196112
191567
192198
194336
195308
174634
201044
189917
188265
197761
186292
150119
181275
206121
189555
197056
187394
182516
197337
190484
186027
193545
180548
182530
177387
177000
186589
184090
184219
198241
188577
147345
180612
191348
186246
174438
197927
185834
198356
186037
181436
186522
192859
187681
183991
198754
179847
203969
179170
196227
183909
139539
194177
196699
193381
189323
181153
192517
195454
188814
195314
182327
205980
178497
205441
183023
192321
188104
193904
190856
183689
146317
