0
21498
16060
12063
7189
10920
5387
4237
4136
7169
5021
4084
4175
3698
4058
4339
4131
4465
4140
3332
4060
3932
4695
3321
3728
3324
4200
4187
3671
3191
3719
3456
3670
2637
2322
2797
2192
2900
2978
2891
2819
2944
3032
3430
3570
30397
15300
19216
10505
8956
9131
10828
21371
12014
19072
26837
24578
4211
8328
7357
7608
8541
11263
10119
7852
23896
17188
4104
8552
6332
9668
8885
16644
9944
6149
5796
6793
7917
4925
10465
8696
7668
4892
5305
5597
6269
11453
8760
2439
4084
4944
9669
6428
7921
7622
6308
5071
3361
3017
2999
