0
57775
94078
676328
1997093
2004804
2918712
4386730
4784526
6894746
7525526
7517737
10597396
10474427
10680528
11997131
10728403
12245696
13817229
14215773
14279925
14652295
15969632
16612945
14653936
15494183
12098493
15659246
16282067
18435924
18379301
17945451
18568818
18446853
17906078
18757505
18878922
19271338
19438393
19354358
19335859
19834412
20072727
20234798
19846995
20008515
20330918
20418169
20579515
20503742
20444944
21109579
21477264
21258130
20783321
18441651
20261699
20826398
21002238
17770229
20341642
20571077
20557992
20727804
20206580
20900417
19535331
19826878
21861250
22146509
22077885
18805411
18946382
21570593
21530307
21544981
21683662
21774797
21447126
21986060
22174402
21943827
22341019
21948384
21578645
21813254
17473773
18817754
21574111
18202515
20748001
21007193
20082247
22440708
22720953
22298129
19386993
22464657
22722835
22582178
