0
169953
547134
548474
582138
531130
589942
582115
548861
581420
579859
543882
612218
545649
539188
553222
547541
539383
544130
617183
553412
590671
591090
592934
574288
507588
562835
577910
540547
595578
587198
584219
580170
583009
541060
553192
564455
584858
580262
558139
599221
567699
614710
538265
562584
594886
576580
591040
505130
605419
536234
600287
569477
580301
594244
564372
602786
564378
550910
584808
562075
586939
564577
594504
588382
569638
571568
565670
512835
569486
555632
589114
561203
600134
551992
601886
595126
533192
616458
537605
634371
564689
586108
585585
600572
552346
551837
529162
516033
590037
544155
573807
560362
547645
591669
575487
579540
580603
583829
556192
