0
177754
535047
564721
580209
610327
546825
584237
579135
602436
581378
601768
496236
593886
585748
597545
607741
495538
606487
578144
597152
584272
609264
571537
594821
589422
599553
553443
613388
567599
601550
591468
594750
573418
610001
605264
588182
510034
579962
580768
581735
597905
572262
589129
584570
597799
584763
599293
593473
598414
573937
584457
494614
590419
565684
614738
527069
517314
556015
562437
632863
540169
577940
561789
555631
563942
585104
567337
601670
594394
568842
574130
563728
591052
558281
564977
574900
567874
544464
538384
610471
479305
534332
582282
537378
592244
561110
504907
560873
540680
553766
546677
544401
559191
586008
580986
583110
591495
576646
581913
