0
6022
3215
2943
4417
4521
7152
7185
7422
5032
4834
3318
2778
8608
12273
3932
6558
3696
3532
5102
7537
5439
2379
6568
8704
3174
10843
14006
9756
12541
8468
9957
8070
10623
16575
18268
14585
15764
9881
5635
4883
8383
7904
6106
1703
2309
5292
4907
2421
3553
2877
2124
3021
3901
2410
4055
3981
1615
2200
3491
3504
3585
4441
6530
7786
2825
5401
5359
5580
6230
2441
2672
2279
4270
7211
4514
2245
4490
2513
1833
2137
1695
2082
2711
11118
2748
2796
1598
3053
14634
11374
3412
2199
1838
2909
3185
6578
7300
4570
3790
