0
11492
15292
8515
6341
7555
7559
9092
7910
7044
6605
10382
8865
8562
7352
12050
9112
7294
4778
6624
4507
11722
11824
8771
7867
15237
5545
6349
5752
9344
5304
6864
9111
16025
8494
10507
7739
6846
4557
5658
5984
7157
4317
4299
4106
5400
3954
4544
3918
6579
4041
5554
5516
5163
4617
6648
6724
5981
5516
7408
6261
7987
6198
4544
4276
6108
5782
5285
7061
6606
5117
5361
3376
4043
6454
15336
6594
6936
5754
6208
5567
4865
2767
3218
3030
4121
2985
3465
2971
3276
2685
5783
3030
3070
2554
3458
2844
2912
2888
2633
