0
41248
240150
2754990
3431832
4382804
4962751
5656763
6662667
7404863
8450631
10395883
11280497
12101625
13337412
14076592
14113169
14359513
14369910
11638834
13476305
15067840
15577959
16461510
15616779
15724109
15873244
17492501
15343310
17365658
17413293
15066316
17863480
18211698
17964054
17234355
19311984
17451515
19257635
19701571
19347579
19513964
19644814
20015705
19323036
19569326
19412009
17827620
16256908
19392526
16786748
20128183
19239338
20088508
20397073
20803326
20328330
17576519
19420392
20715259
15305684
17157966
20629030
20385160
18872225
19365548
20512455
13629915
15046354
18912698
21107112
20229174
19490736
20303543
21193688
21519374
22038317
22393025
22201110
21881518
15483336
18526668
18179792
21624296
22053571
20079973
22208661
19236259
13820410
19783921
18842388
19515042
22027083
21913047
20597102
19536371
21426154
21919449
18889492
21902383
