0
186922
537517
525603
594429
552429
594770
583433
488809
548948
574643
576170
568364
588931
617580
548904
564028
595823
557056
561145
488316
582208
581689
541554
589029
506432
604541
534007
528797
579717
569132
536201
603597
575138
578275
586890
536570
561799
586996
548770
543264
593298
586710
599949
565465
571852
580907
599595
486360
589090
555510
604721
560255
617178
576053
594243
577521
581181
600852
586101
584948
571935
551892
584862
601182
592393
557986
548076
551981
587636
602551
561775
603172
588435
573033
598891
582133
585495
574584
545324
587009
586000
586506
581789
569742
573571
600633
487117
565895
569923
570918
583441
565892
620960
554077
580159
562871
591739
601367
590818
