0
164000
522661
494697
591583
563988
550999
547977
587930
564898
514179
531344
553832
537562
548577
566755
620942
568023
596213
576013
632382
573242
556765
535415
578708
581119
577486
642998
570117
628584
578027
586156
407649
533782
437954
498776
517307
516872
567897
578506
460605
540131
444590
376652
450872
497456
497504
560970
603088
559687
539722
607038
608941
572085
605291
592249
543471
563001
546090
570985
557683
555516
404574
357581
555845
575911
473709
557468
407401
356968
403271
342772
435037
520526
389387
396879
564908
594759
559762
589352
596177
576310
372799
392003
438354
580510
560266
600086
555853
515400
559238
610754
564928
592662
568823
626151
536137
642305
572098
580614
