0
10504
12412
17502
10342
4751
4387
5986
5972
9499
16171
10096
9361
19510
10648
8513
6006
6813
3558
6997
6578
4410
3160
6781
4988
9438
4841
4845
2848
3530
4195
5011
12639
5018
5208
4624
3461
8834
5858
3222
3422
3651
5735
7509
6909
8393
8364
7941
7267
7265
9682
3931
2782
6182
8264
9525
7696
6693
7384
9156
7197
5622
6617
11832
4581
5389
8573
16659
9449
12964
5508
4890
3227
4393
13312
25101
10442
9319
9525
10575
8637
8122
1811
3737
2251
6308
4482
4740
5347
3252
4007
5667
4678
3662
3205
3880
3167
2852
2511
2610
