0
3593
1738
1394
1166
1034
3764
1816
1238
2279
2468
3685
2331
1361
4003
3263
1402
3446
4639
3406
3349
4472
18558
5170
467
266
5065
5481
4459
8447
6475
17032
16883
26244
36197
15724
8275
8070
4627
969
974
6291
1581
2855
6737
3237
3330
8868
2776
3922
4353
2578
4217
3019
1353
4171
7311
2379
2790
13364
13768
4097
2933
10489
9518
2121
1642
4352
3587
1439
5502
6033
2217
3845
4806
1319
2985
4778
4888
4679
1459
2264
6320
5463
4683
9170
5687
4647
4445
10089
12101
20990
29934
25680
19090
13107
10657
3503
3018
2077
