0
8756
16760
4325
2806
10070
85351
19395
30705
5375
11323
50184
4798
60466
9797
54091
4593
18240
4743
9897
8377
16641
5309
7100
4120
114810
92086
28218
7200
5261
3458
39801
40106
90419
7349
7753
4576
14338
5778
76627
81169
23584
26993
36873
34117
45213
96293
33060
159394
37783
5963
77029
75566
10378
73566
117651
89574
121792
49183
25824
7874
6985
16496
8645
100611
165625
103630
110504
96693
42338
128705
170513
11886
16008
6687
12142
13671
29080
43092
14812
9329
20729
8515
19525
140372
179356
158893
15979
10143
11256
8052
12277
14968
53548
64083
65422
58112
70522
47636
56394
