0
179326
543081
375407
221077
177141
180891
205013
197887
204458
224327
201389
196328
202383
208285
220247
203007
203049
224018
201603
214635
213030
201979
204773
222694
194566
202052
222730
232946
210318
238313
212913
213865
205525
221883
222749
197695
212180
197313
207408
205304
202749
197599
190033
191175
200719
186526
207205
200237
207872
204704
198102
207311
201705
196216
205060
199811
213781
210871
185408
211527
195627
223866
190178
211152
190941
191870
214981
210609
242301
195795
189413
202553
193444
205494
198974
183643
205010
209529
194444
218583
200599
229108
201640
189010
226664
204477
199609
200449
193289
202631
213206
200944
210021
197249
210091
191470
198234
207261
201455
