0
194917
528398
374925
187735
191427
178240
184998
193351
198611
195781
191100
187794
195994
192379
193632
193963
190805
190898
196750
188335
200284
181999
200108
187950
198674
195601
187865
177539
189912
196158
197298
192457
192625
189488
200826
192630
193012
190943
190288
193841
190627
188369
188937
193495
196466
189772
178542
186438
200576
194028
195022
192075
188909
200840
187010
192229
197240
193827
192478
198407
180029
206107
180121
212181
176660
199760
185513
194307
198531
194046
177715
196679
196439
197052
200995
191022
195422
199272
206809
195660
202178
187861
191292
192211
191903
216215
173063
185274
217106
217515
187148
194572
194490
215426
186791
196678
203093
202354
197295
