0
400827333
388867946
384531256
399282026
393535108
379484149
394686857
386147552
397619047
382970582
399400489
393431202
396775018
402363961
399927126
367405710
393909672
402253909
407111370
386730628
410002385
399928821
400590322
400847233
407312088
406592149
409416471
407480921
409160615
410875108
411463223
405931053
399296052
377802088
380271459
398475018
363544786
382837234
400989499
407976167
412109880
405459243
382239219
384591164
399509776
389725378
385691531
399873677
396562294
388178371
391188662
394295152
391414226
391629235
386009426
390871285
390745462
391916901
389441172
390268274
396129975
382760535
380472811
369784005
380411811
384217973
391642634
393089884
389627417
392730826
393946164
394602801
390984912
391222808
386071154
391608189
382961835
389686951
390272156
395887945
387634442
391004300
395113450
394234892
392632273
385855587
384724624
395751249
384572096
389879946
389930640
392741686
394681583
388322927
392303954
393268366
393407833
385676755
354653342
