0
383171912
383306992
393095821
395131870
395827679
389956007
391476020
389305189
391985809
385545480
375803900
387937532
390435794
391263886
394344309
400665091
401557781
372428593
293687334
389901362
387655602
373884021
356600072
373666386
387397327
382418958
361369695
386379237
393423518
384373954
393427375
395736323
389412936
398342700
379464159
383165071
385968540
384936726
303419865
391658267
385406889
385184021
389308591
387124875
383255601
388678843
379456286
384498150
390581187
390136212
392947819
380410559
393010957
392354599
390763443
383951159
394264065
385038247
322252166
393538606
389028007
387837759
391303240
386435597
385559904
387811713
390650011
391399144
383363765
383879116
391985962
385717430
388210921
389892193
390369428
392014299
386381150
386119893
322294730
387601296
367039548
391909196
393907811
390289525
391843807
367688981
346772570
390610688
390869061
388449904
383846224
386765346
384869840
388503991
387587152
387948752
390575568
375810876
325476047
