0
377365642
335827352
235155612
108806354
116445219
113517550
77148917
105112632
109971850
117987947
114343729
100446620
108898677
114856333
116621141
109919841
119749105
91863423
101459525
106517840
104381645
96442335
102082603
99871801
105689822
105752587
111564224
105123747
110929686
117158531
125008777
117308462
115290492
113727663
124358075
107233851
107415013
89152210
111324442
104980866
103917958
105152835
109579375
114030109
107283835
105141600
95090270
101326625
118413062
107430151
117343683
107543701
112314833
99673362
106990162
107611690
104144167
93440132
117957322
110720221
96992719
120994772
118295720
118418230
116683790
93987675
123536785
108302878
120316667
121201628
109019054
103389624
106825789
114865576
102284974
107378758
99311823
86792627
104523133
91636304
108031751
94444048
100404033
98634498
97447970
104866345
100615966
107889068
113126586
114420521
117304867
99835982
107000307
112054985
108258088
106825696
111244061
85190801
103994379
