0
381554931
282000208
276601561
113911297
107698533
109494391
112476789
124955086
121359268
91203060
123723135
124612369
123263508
124167106
120047875
121334059
115013222
114602758
114191198
110830752
113514901
99117177
115323221
111829229
119106534
106206137
115036762
106375991
112913413
102478624
105162946
115824929
109061957
112396545
115842020
114602538
127385129
119161851
107019657
120394497
108581125
107612114
117861947
120385772
126098522
122152754
122627410
124233550
109437349
76536449
105402948
116234709
115505606
118822157
109307050
122648217
108427814
117514208
109574029
108914976
93625576
115624277
107111024
102341960
109913793
109311530
113137869
110258000
116779506
117378856
106488141
114540461
113368955
113326733
109647308
112356502
109090892
108725893
111226997
110672675
91844264
113691515
114690564
109929393
105883865
114030975
111776051
109609960
110067619
109356377
105236492
103598307
99253053
94388076
87380789
92749217
107613367
118497259
106486115
