0
363107154
399926213
365014760
370781664
388534547
386208881
387566835
398044794
347174034
394375992
375591468
397019385
393071260
396311306
376206389
389134918
399397598
406472136
406120972
406194767
367546364
396665192
407964508
366440093
389646817
383063613
397073528
382836721
387398795
393603226
395334603
389567719
401805951
386795154
386953439
383738202
394338636
390208664
386064631
388899992
394270979
380799503
392928509
398696306
370528360
388977442
389543722
378659516
393895926
403149678
410734545
406275993
410411515
402252526
377004888
392488970
396690776
399669629
394112501
392041585
390193261
386943460
380345298
395815475
397628424
392088435
404783501
402993157
399981086
401781805
403067772
410890369
404431644
402425259
409228543
410843960
409626916
390728117
382619942
394102908
377432691
393115314
397294561
400125530
405934881
365723063
395707506
394152388
392062758
381362760
397395810
395295685
399369489
404390917
402520371
402170779
380824504
389163347
395362716
