0
251151081
254738245
247905244
253669479
251476734
278193748
246182484
282670908
267762570
288173152
242331823
293226324
234540486
284767465
276368925
275903996
240085522
227955332
259293478
238538941
235368291
225895466
243289831
269203535
265088995
247968749
261021483
275333000
285751131
278700046
252985479
252801829
246723591
264702739
245755085
251401277
276741644
251256121
262628076
265178079
246401856
252866625
263560192
248905749
267061910
279786467
283138982
252343217
270123591
264596999
221055704
246418922
279431164
260198842
257294403
294795482
233407989
207543997
224807470
290516411
255006930
248588556
284752128
240025737
269706318
276148449
273142349
281335522
279924022
297799115
283676502
274527788
278650020
207466014
258396407
277534425
281558400
245386268
269787492
259446682
248065232
250731004
274307321
242950574
268460460
267213648
253871112
240032108
273015596
266902283
279057743
282140411
203817498
280503298
292147795
249661136
283483181
239918806
246677154
