0
197090033
198385685
199943005
219210694
208054977
206235200
221566652
207746164
201926748
204405423
236789253
232102056
220575409
230437209
239462859
236724278
230282367
233492857
216895336
222814704
222257130
225924933
266078374
182881851
240997340
241362909
263571346
199875705
238207814
241331088
240530445
230208970
217942601
246069546
250909283
206907015
234428299
222708100
205590388
212208923
219014613
207143413
215904923
235592362
218438889
203139810
205233405
226494773
218387283
262136790
260019202
248892130
194580379
248636281
238508906
211440154
230809587
216904554
234793189
203259508
244636601
203009743
198414853
198814327
247992325
253300327
145524747
234855314
238238486
242499531
235163145
228456394
237405371
233459538
211879361
259703228
262526934
246664109
228075615
216291512
236976153
192753948
220750500
224453186
183668030
218284643
195469112
242317353
230273720
211770311
210215937
227758193
210011093
217959275
213975793
226275938
195588096
216851665
222002477
