0
12121504
6754896
5520275
3655796
3656808
3722703
3928695
3526356
4028225
3721101
3785642
3599341
3587145
3744401
3105247
3417387
3039426
3261451
3378181
3312827
3128495
3454845
3789688
3506783
4071359
3587345
4000729
3798401
3892399
3832186
3881392
3887761
3409837
3771982
3633701
3601301
3879708
3491453
3590346
3558679
3621716
3984425
3387244
3913698
3790813
3507914
3337722
3469925
3187097
3036569
2947143
3167971
3932800
3844659
3954264
3781498
3521820
4021902
3741993
3657958
3472844
3818506
3630664
3809645
3661470
3228410
3635740
3859259
4217645
3882994
4191573
3601170
3855437
3862915
3438022
3490227
3740766
3874541
3706970
3812199
3268780
3431335
3592640
4066627
3895837
4059341
4057469
3956483
3703356
3700244
4021220
4166308
3933587
3548893
3405949
3574953
3539529
3588866
3620642
