0
13096864
6802555
4828494
2561998
3175535
3253226
3249460
3341476
3418115
3109805
3170959
3172297
3308047
3048338
2872611
2826910
2774395
2673397
2842167
2645910
2836668
2728930
2572459
2683759
3049099
3212191
3350904
3328896
3490205
3247180
3166909
3194284
2977630
2912479
3006199
3294549
3147473
3374208
3154391
3459565
2957090
3307472
2841421
3028115
3264548
3190844
3210637
3142751
3173258
3518640
3391040
3325802
3362293
3145328
3255832
2795753
3305602
2962037
3134162
3164479
3081164
3251440
2900411
3343097
3265883
2967412
3036315
3168519
3056947
3176085
2846807
3255532
2944931
3371971
3315485
3313863
3233572
3398077
2927897
3476630
3246283
3046911
2934573
3384331
3078371
3212556
3249941
3526959
3263209
3209359
3258687
3461165
3076958
3549720
3152856
2880007
3099171
3085576
2952620
