0
21233
16475
9085
13067
12938
26570
27786
6478
12237
8133
16044
6265
7312
21955
7610
8936
14063
9135
24308
6858
14381
9641
18450
11019
14551
14754
7604
5918
27223
6955
5994
8132
9936
13126
14736
11265
8846
11064
11693
9646
9982
8303
7692
8212
15426
10140
10925
13389
10644
16660
13427
10038
11853
17592
12939
10000
7555
8961
7950
5580
9888
15299
12842
8642
8647
12820
6455
8691
5753
10197
9868
5988
9200
9141
8702
3615
9261
14491
8925
6291
13807
11623
12394
7775
13005
12440
14266
4597
10120
19412
3768
6778
13145
6671
9128
12001
13957
12695
13426
