0
7608
6331
32679
41744
281333
73689
58306
61205
65208
63923
81930
80955
91445
97453
124800
108325
112309
117835
115544
111248
123340
125381
130897
165282
162580
115284
137977
143434
147083
150581
151740
148288
148040
160271
160533
161970
158203
178984
319980
257080
167009
192176
211652
724867
161927
148481
175910
192058
167530
310093
166057
372485
627220
574214
176060
177246
178840
171679
162602
176415
180939
149406
174950
171858
160589
152775
179404
179873
188466
172093
180939
182083
181233
1338807
369854
182939
216965
168920
263620
169819
188755
188137
187749
187043
170784
170172
187879
188273
185520
188838
287403
180656
195690
188660
186136
195443
190958
186990
201283
