0
176499
517505
379061
181027
144204
180121
168743
181956
188739
169893
190075
193555
173404
186832
202546
189546
193231
181985
188230
196932
190854
178091
182436
169111
130073
169536
182613
171300
189939
173524
192403
178242
202344
182549
175279
175784
188116
185794
185113
181291
193409
180432
197913
186244
117103
117196
181631
170092
183029
179683
192867
181798
174582
193789
182551
183336
169225
182572
179530
186980
179575
188614
186850
187828
127575
185848
188849
180115
176373
170821
180793
174132
188220
189055
174152
172562
199278
159874
182920
171576
184275
180541
186934
181879
156619
197403
181570
176161
190189
182043
173663
186689
185334
176658
178106
188765
172483
186474
183656
