0
189389
511708
374936
186674
187382
192619
173420
104475
19327
47754
177362
196636
192408
191082
179353
200103
190974
191915
176949
205340
182207
196646
177412
175442
191601
189522
177398
173368
184626
196163
188052
188558
166877
185698
178395
186158
179269
183069
178800
185493
197920
185787
183129
186908
189021
189308
169152
175757
179237
190836
185435
180261
175128
172748
166882
178685
177941
189289
190087
164837
192449
192566
185171
202675
180803
200318
164115
178651
185286
182909
187541
189879
190187
189889
183322
175490
173807
177223
187363
195440
193178
190923
185964
197130
190515
187314
110018
25790
98712
195444
192190
187423
193436
182781
189231
187033
183064
195238
193699
