101617
145298390
136324950
151777245
171336935
167690802
152113573
154321859
152547476
154038559
151125028
142667177
117669541
138788048
139494959
149050343
149667180
162281587
131680816
135797524
115531273
137832720
141568266
138767626
148690193
154296490
158893613
158680786
167480888
149052219
133980515
135619529
137085900
160568337
138310212
146021841
163888973
137859885
150494837
162830250
109390220
126705990
161202368
165195182
145018724
150838981
147906902
150625228
162745402
114392343
165015183
164256572
157477473
164552421
145388121
143184427
137664568
164055969
107026220
124997801
136852862
151223440
110798687
141543951
145091249
145388241
149592533
139138537
150269633
148615817
162905819
165326059
144437892
150826868
157571152
152157622
142316073
130265750
129098565
148485379
145481714
132326965
147476947
154241505
149808624
155877661
159839975
152398295
148809660
157521350
163892585
154096885
161531650
149535640
141588883
146682689
137960183
138549009
146768461
137526201
