39643
175019397
176459177
178884294
152207369
186165013
197430438
185597893
188576584
193678572
193348394
197496798
203362612
206289393
176229532
204957119
202793228
204003189
206985969
208329875
176203457
191693719
155394510
199279299
190126622
144075486
196050773
182560744
143976246
155134922
177951774
192872431
188193671
195263409
136844959
172397465
166580030
158260839
164696965
193087327
127781971
188240112
197155231
191755432
187268552
199859069
189158285
185652806
181524545
170405566
191016102
189897230
182750514
179685653
149590834
186391329
194330343
170705475
185599510
156635379
117364642
169899950
191845633
194788090
191412566
179800120
178295174
192870128
182911321
179493938
194027512
160878977
192032834
182010716
151715160
181703000
179557541
195427271
190425825
183304713
153181344
196256831
200637287
197230763
164759786
159071744
189157787
196735108
197606436
183810759
176396808
195427012
189426408
191776537
152795336
170080458
99544912
193177022
192992447
168489802
