0
180987
532309
597468
793293
763561
665886
638769
744884
613644
785906
770125
731383
693548
572869
632270
694637
696585
665036
751801
674153
758007
806521
723883
786005
749826
785973
758988
684843
767034
664895
714985
727377
711343
692910
719751
716366
651219
712395
770259
643021
748747
770048
747732
749815
726568
774353
662037
751080
599354
770231
678582
704467
715724
673338
751442
792677
766377
751535
724543
727508
779419
754118
773872
731916
678243
679057
679086
713933
619522
740691
688111
761836
757822
637751
657842
731011
718145
787930
648903
611406
682012
734385
705958
700892
753333
688103
781207
763889
627265
771291
748092
717457
695819
727196
781773
636500
746890
674033
574277
