0
175811
510830
556935
741196
677201
743360
629779
707859
618461
782511
636409
687145
606715
565535
701347
656525
744611
685076
754939
724037
745147
597419
652614
786414
730884
680843
718851
807757
653690
722154
691192
715058
627082
742732
759575
701633
740391
736228
771534
765097
697859
723280
738485
692517
759509
655918
808432
759085
799112
775669
695387
724607
753240
723195
745216
693582
773050
708661
758909
793720
594387
648189
757080
706990
788697
711894
806347
646534
724129
754457
664185
732485
746746
678796
823770
658525
766388
775849
803313
763531
664856
668311
720021
761745
738548
620863
694983
640133
735472
640819
607053
650969
685697
692473
761227
677465
770668
716812
762135
