0
172462
411557
404689
146112
182609
160456
175031
188168
157476
167655
155113
143250
133044
99944
136396
146212
140695
178982
169460
172244
182875
147526
186589
188930
181146
185098
185053
191791
180843
190565
187277
151028
186803
185067
186053
186675
187607
188670
185151
184988
170136
162252
181066
184624
190026
184367
187860
184189
189793
182881
188715
186175
185376
183688
186748
184309
181307
186025
182103
190769
157632
156941
195438
180410
186784
179642
180629
185693
183317
180338
183000
188233
190000
193683
181321
181899
184714
190038
182042
185449
156867
146820
188655
189129
184359
185866
177979
185054
179473
169896
183979
188542
183097
187455
192143
182911
177967
194859
181677
