0
214270
552249
335238
191013
192029
158939
187117
188558
178314
201097
182167
174375
188709
187983
173230
181069
198593
182082
193278
185638
192825
189313
185415
200944
192248
160496
193732
188207
182781
182907
202358
187991
185577
192060
184332
184465
184294
190344
174157
194468
184367
186477
182008
180901
193692
154771
195572
183421
186683
193382
188628
194773
188088
186919
190195
176192
191314
186060
189058
188615
190323
185829
189957
187742
114725
116239
144725
159644
150575
170962
167368
176178
187363
156210
182939
184731
189225
178590
191955
189995
185447
187457
90744
8507
17241
24565
24269
37018
182558
179799
181225
140571
158092
177141
174508
178838
112326
146405
134262
