0
664
512
6714
10072
9159
8036
8530
7218
7202
15352
10050
7543
7034
11031
13096
7776
10647
9069
6845
6589
11096
9257
7830
9009
11464
9875
5859
10552
6469
6928
8169
11373
7281
7282
10906
8884
7607
9201
11798
10208
7040
9724
10099
10529
9192
8208
7677
8095
12125
8003
9062
13821
8129
10793
7742
8111
9250
5955
7763
6100
6489
7309
8572
7316
12682
11165
5925
6089
9249
8226
5662
10167
7683
6879
6059
9205
6705
6798
6602
6841
7211
7308
6043
5267
6862
8054
12283
9943
8407
10277
13150
12664
12408
12452
11903
12188
9446
10414
10439
