0
254477383
252503455
212635050
253842701
225338231
250228306
252240393
253250774
248240734
237253337
251830540
251752106
248934919
251754445
253820549
254022605
254132188
252626259
249893340
252298283
254016840
246723149
167353808
252205620
254348031
253633964
254761186
253093439
250393895
249810093
249921231
250887806
250588849
254155137
248731250
255433253
254130811
248996472
251573493
253222222
255201057
252145950
211821112
252616937
255908476
253719933
254220004
250204031
252588052
252761703
254455195
252866938
228700172
253793623
253779209
251418936
251760848
250461966
251100679
250853626
253721555
253649844
211042626
251623085
249689129
252520295
254563460
251942516
250672986
254275983
255503423
211161882
248099712
252004036
253998356
256033306
255232195
252435022
242252237
253918757
255677280
253589329
215238797
254800356
253956067
252423892
253181473
248284838
244444444
255010263
253298107
251852674
248854392
253869857
255979778
251808569
245512939
243764312
229271839
