0
198179070
178825522
199361571
203469404
204033081
204602406
203543730
200008823
197480148
193874300
198123241
197134468
191077473
167056781
200374356
197413930
185125727
166123980
190402035
200482482
198645122
179433898
189485777
202370969
202950522
203542602
202374457
198126355
200151374
199882023
201197020
195838030
199109238
170176212
204043000
205198820
204416844
199605827
197777677
203935175
194742523
198691742
189553991
196637514
197365664
172595439
176922282
199866998
191260922
164883679
189905341
175165449
176294773
194152945
166921048
173390460
164726101
186672997
187336036
182842617
146519546
136306301
160243193
170590063
175586843
189778077
186829951
192045677
165980677
163183140
187465644
195368512
195257251
194723528
194574290
186190133
155380825
170283192
187177212
181586920
188581368
153699852
172161133
185525393
154424662
160864340
191523975
178422050
197509651
186539398
189200398
165113964
161517739
175123366
186021209
194960527
189912196
167993575
196954541
