0
2679810
1071380
1343446
1629213
1740298
1378477
1607754
1604190
1735732
1531613
1715848
1614425
1606203
1573066
1617827
1597566
1621422
1649128
1596547
1456045
1592369
1276587
1513482
1660421
1707321
1700021
1652185
1634694
1533562
1512686
1617846
1244300
1591106
1641704
1639375
1526551
1627097
1630758
1730825
1510315
1595799
1237410
1703235
1532966
1629163
1539648
1341713
1404409
1333834
1345539
1653259
1494117
1568274
1614772
1738275
1755649
1705043
1706715
1681460
1619272
1726780
1436360
1621039
1757855
1709517
1557982
1619417
1665861
1665240
1696498
1580156
1551965
1535461
1708724
1551193
1560641
1587341
1534015
1540114
1549430
1629739
1475517
1526285
1626056
1510064
1582478
1263661
1350088
1502935
1440869
1464184
1253728
1518694
1380582
1564047
1368574
1431189
1532566
1473515
