0
2746793
1373395
1522541
1694037
1754282
1878379
1793443
1750204
1730843
1675621
1506020
1843690
1814133
1498866
1540620
1758125
1864147
1706108
1824882
1746238
1699466
1700699
1771369
1486997
1760993
1808456
1671578
1767450
1753506
1766497
1726037
1763852
1677615
1750647
1808915
1733377
1607732
1593529
1706942
1735531
1654270
1841077
1611884
1242507
1694476
1726618
1737209
1743256
1717661
1729292
1661277
1801717
1693802
1735327
1783796
1733536
1787370
1612059
1773045
1737653
1771338
1793659
1789648
1432908
1711399
1773309
1730812
1772954
1717489
1679608
1775486
1737572
1683118
1813381
1640358
1825368
1713371
1737447
1730111
1737047
1720583
1844790
1667686
1349896
1727703
1794449
1748486
1805584
1762176
1621663
1750411
1720802
1731294
1658203
1492984
1808173
1788556
1792496
1754615
