0
62341608
62555798
62416906
62891540
63179453
59371837
63579373
62905921
62600103
62978201
63009094
70939812
64056840
80353276
62713064
63297404
62498250
80648670
73439048
71853883
102893633
100112266
84220531
76314604
109397957
59535954
83479813
73784071
71625256
70708857
80485535
68446986
68750511
62717300
84738591
88294374
84912655
74289064
62419505
72485178
64662275
75924967
87663108
97652756
67582256
62298695
62836148
80104857
86360650
75385678
62074791
62991482
81097829
81780227
80338293
62463697
84455490
98412702
73019364
63163279
78112068
82951675
78648622
97675332
70585545
87236055
63025227
62168838
62568770
71317224
66644204
85885415
62512215
61976939
71064964
62594513
62184759
64782590
62439311
72189897
72583565
104117323
65959805
72015811
69203371
92978108
63181633
85478542
100882102
73138676
90039289
76088733
79232672
77160831
69849572
62449409
63171119
62825570
76766078
