0
20573379
15465605
29304289
29850080
47669758
14474439
12995567
27713307
26198777
22371532
29034782
24781197
46608232
27651962
7843187
6822439
14594263
40159101
31692531
26597809
7057424
14376957
10432459
31849776
43216618
7834784
7973984
26529479
20575605
29322845
29373237
7679710
19178768
44506282
33001913
25123375
22337250
29171981
22223245
9833343
23207612
17873193
30639380
25936610
28087387
19803626
34103962
33739371
38274671
27873837
24743301
36076467
9878805
9433160
13155169
24635149
41602874
9441794
9228711
23912907
43889337
31988310
8731201
10151383
32231698
32836425
34264334
28179121
9987442
13004316
26395512
43176396
45062188
30620849
9231287
19074961
43769763
52841457
29623075
31433232
11167535
9710674
21397668
29062163
35503233
30586873
9942921
9081880
9967019
26756672
17316389
14457766
33342779
34606293
22726341
21836629
20961462
9700233
10951119
