0
332947659
314484282
220575967
84141555
91103686
90813063
97302211
96763077
104576908
93975263
101691900
105692517
111267988
104667366
116317814
106248685
108859052
96547852
112165184
107409256
115066648
110957727
108632469
98409767
108969708
109348282
113480238
113504720
108486429
109309304
103808994
96083107
110048722
111884296
103751104
99683438
109846492
111054046
99440446
100243046
110755981
109757384
105693284
83826658
102188142
111836199
98253109
108571470
103651323
102074629
100621183
100036800
94346640
110102581
107400960
94659829
106294788
110700266
98243667
99960185
101010725
111624983
103644117
88983823
95505857
108639843
104038701
100011845
96779965
111187874
101923595
101981390
92471634
109016361
104063728
110049867
93654596
105571510
97997817
104718070
103937943
97946902
105279012
83312947
90433411
94007460
90027542
87000218
92532063
88267164
96103041
99200544
97390883
105102455
106567712
109931907
112637027
108184763
98857896
