0
335673829
313370540
225731179
102323349
110192446
101132644
90395995
100597305
117531260
100556490
112743168
104142443
114647136
108047015
101419299
104651369
105849686
103489863
112432767
113002929
102851024
106974704
103367801
106483429
107788462
108210276
95052613
109750143
110655054
100725605
107084642
116470765
102335402
104571784
98102964
111286408
107992728
109582948
96670266
104972029
100457543
108590755
108558529
106937438
108407931
97370742
91031368
104889554
112250031
106506470
104154394
104222173
108079061
106687510
105771580
101747950
105556804
106604469
109966926
105317853
101953659
100358893
95831290
97641448
110595321
80196414
65886278
72315819
85643780
98039376
100984443
100102034
107683856
100687433
92488223
87341883
94400763
90326850
92136392
95347658
102147796
93535464
94125925
98469058
99791246
96875903
82883067
88692699
104183788
103856010
105746364
102236728
103223200
110555033
96229102
87600528
91947576
97348991
86951116
