0
14740222
44813122
49482892
51257765
22488658
42026459
45573088
49160160
81738651
34173968
66029924
74076843
32248011
23192750
45755142
43221344
20066233
86825318
18030998
15714806
36931951
386710
364875
20795007
68133883
283460
194867
327868
308421
819945
2650059
11223465
235129
517965
280254
215374
246227
281098
296147
296048
212737
264250
585538
313312
257246
268145
52117583
71806308
8853100
2550985
59101382
31170470
267400
18425382
50100080
14986716
3241564
15360755
30335214
40470184
50189903
264976
9309301
49149247
74442062
6222906
413875
663594
17153915
15390467
39252633
270888
379644
63146521
51544695
375085
459975
2356773
55850726
23099079
88023434
311598
40809784
51359126
33590018
414480
664540
24025588
63168644
1842756
17752644
5291281
26075943
74309353
6781107
288622
274906
312826
375101
