0
34853508
31458825
32969550
32041559
29743848
34231459
30778437
30289486
33461308
34499438
27353275
33260620
34617037
28442442
31862529
33920246
30736439
34627729
32245281
33627355
34820641
34748705
35302614
35500021
33006243
32169137
32889193
35746793
35709194
35727962
30423047
35386583
34434813
33331229
29381322
32568836
31555473
31467808
34030914
32659740
35433283
32536157
35042314
35456088
31188680
33204112
32716147
34712092
34029450
35195478
30977743
27232278
30205694
35257572
35157059
27892943
30198755
32443956
34815554
34534698
31743745
28392983
35753262
34777214
32215100
29719715
30882992
35388717
34321959
35058653
30464228
35401723
33156159
31967822
26897849
32243811
31028482
33960695
35583114
35017465
34537645
31335760
35518153
35371772
35760296
33800383
33108704
35050696
31819050
35481662
31533242
32187803
32986709
35375854
33737901
32307831
30590288
32094532
34862127
