0
97375
846912
790234
108965
78034
2351224
807200
193678
91841
201301
2333561
41821
143664
532166
547335
2626845
1728452
273347
235044
49392
1162862
591172
41212
113445
2116389
1620518
1160200
966841
1099439
1182386
1349280
1872157
633856
3036357
918008
2552573
596942
2151975
524238
754554
1045095
3835827
1257129
2262633
1843221
1156863
1993431
1227753
1641628
1213040
808279
3320389
1549816
1825048
1590111
312453
2107550
1617984
2280407
2028372
267640
1463538
1357258
1655455
2310132
1844889
1277582
1791302
710103
3397478
1857096
239731
691170
4153400
1165131
973717
143210
202911
2880063
1403922
129790
1759968
1338770
2170094
1820218
1747158
1809811
1394014
1664125
1342196
1283386
112484
2157607
2485095
3745422
407094
303138
566477
1282751
