0
91296480
49751874
43443488
19213334
16860781
17230283
16047523
11175594
16032412
19494418
17219243
15799978
17027457
19327903
15678909
17188713
20032170
18785920
14822554
15538893
17105145
17091049
16438038
15100027
18097540
15530014
16207277
16016922
17314651
14944096
18518746
13515318
12488841
16277345
21252876
16956713
17022325
15300821
17065168
16442787
14437230
20116836
18998306
19613707
17657350
18637656
18261253
18795981
18162638
18148037
17237897
17615879
17882057
20155879
20251905
18020079
15245406
20427636
18128124
17288454
19771478
20768492
13969225
17280203
19110889
18081848
18317575
19379124
17854495
16383866
16597806
21124529
19706605
13668698
18529868
19758929
18217196
21153054
19268642
19121343
18267995
13808516
18139558
18774752
20430645
18509677
19904935
15196133
14547194
16430816
16491989
13999907
16210339
20750141
17809408
17908142
21002521
19352636
20557240
