0
115157548
57380418
38339278
17345489
20571457
21003360
19471675
19345562
21530084
20221093
21250642
17660134
17759789
20937844
20486889
20783902
20796406
20675501
21099620
19853122
20840114
21094321
19830492
20849086
20631460
20632374
20109441
21182471
20180644
19849833
20680963
16962736
16030664
20290311
21011877
20485734
20595201
19705064
20976571
21024385
20713252
20494496
19478606
20565630
19991965
20966986
20220161
21496479
19690668
21746039
20056526
19157006
17875387
20848476
19633575
19487838
21403940
20724684
19926128
20786734
19601012
17289387
18612758
14812446
18362643
14713633
16112138
15632264
19265010
14692762
13101295
17833836
9293861
14051286
17373741
16230673
13426464
17548211
19765114
14243885
15922791
17532466
17794094
16865629
17809360
20219504
19857341
15951314
19321899
18506814
20180607
13175131
15143456
18711233
19031136
16057514
18254928
16986878
18058535
