0
1771223
59389
692940
2637415
7781102
8178941
580479
1921477
3424015
8414558
4149703
4383264
3407662
3877383
6617065
6107598
1576895
6328526
6742345
767640
114955
170737
1664882
3821361
1975396
2840071
8779128
3304877
99585
192277
5867970
6480840
3312192
2534683
7186749
3251472
3096089
487245
4161398
4284027
90779
1796957
7216238
3918444
185024
409346
1594320
6899412
1779676
689536
4491551
5867292
3551772
547314
1779551
4895330
3137016
46558
399784
3297673
2903998
1295095
1776960
413828
969919
330812
3406129
1425570
2370042
616350
2813293
1442693
1825780
1249022
3891938
355462
4085536
2241615
1527625
420414
261872
2664329
5874637
48240
4992706
5789773
4646787
161818
1105699
2944439
2646005
222095
227942
853384
785079
2088714
126220
920236
2199439
