0
597240
411921
230190
2052594
1696861
554848
1741753
306628
387455
791556
736579
340555
582887
651599
464549
297279
1000378
837903
1190430
524889
256357
290797
395978
1121633
681061
306559
1195772
355697
245213
1460176
420394
253715
247056
648895
245340
480123
1062726
247254
1368558
318853
1628573
259214
462560
2735493
1015266
323867
496879
966054
2081069
1113647
630441
237089
389703
249829
262093
667276
1334333
1482360
429186
1943492
1802219
855032
261851
517337
236833
436192
239147
1066140
965214
2083188
1072463
224404
1034174
1621879
1101027
236354
2358370
270590
1855533
1205395
237099
234901
235850
235303
248454
249295
287356
254324
4316160
8052509
238207
216894
235494
238765
241725
241674
238909
239444
243486
