0
197159
539094
353050
204477
194010
196619
195955
201207
197169
198743
203131
150670
192555
204959
182138
195870
190037
192850
200966
175590
190751
185225
181492
189461
171369
183299
189178
171734
180248
178937
191299
145508
191803
170078
174144
180250
179932
192405
177151
188168
190839
191747
184582
182560
179249
186692
172670
175459
194639
183001
193118
129107
171504
189213
192343
190209
170680
183444
187207
188174
177895
177891
193505
184706
189779
187363
179591
194914
180625
190595
159696
162863
197403
192654
188183
190135
187735
196906
188841
193841
203509
192027
193916
197656
187415
188730
189129
199985
189187
196764
164164
131638
136268
189005
198882
192129
194227
193207
193271
