0
154405
506293
406107
187728
179921
179408
193238
195443
179389
179135
181668
177308
207845
187553
194325
200238
196966
208910
192006
187608
207803
188178
204676
194425
205028
190668
198189
198390
198108
204155
187433
185650
194626
192093
182640
199397
200497
203169
194230
198998
186955
206816
195753
189656
189094
203440
189085
192984
200339
188856
190080
200676
203667
179926
180985
189862
198724
192656
186748
207085
188998
180270
193427
194850
190667
182451
177733
192931
187334
179217
189062
182208
195047
164253
167119
175083
186541
134413
167018
191104
197533
189699
180820
202967
187900
195534
189783
203180
187224
203469
200670
191278
184345
171728
136893
135995
183309
185893
205574
