0
21583
88546
383849
941258
1588620
2724818
3241699
4392519
4761366
5080015
5387943
5924202
6530230
7008705
7565929
7506571
7752270
7934182
6780637
8132599
8423435
8577970
8890599
9003808
9219765
9292475
9379698
9310444
9356062
9468009
9579696
9694669
9796857
9993641
10008581
9935543
10027267
9929325
9882792
9988017
10092825
8723589
9990443
10031600
10100317
10150945
10346333
10412786
8284815
9047864
10274113
10166177
10425183
10714355
10682504
10723108
10900927
10381705
9230711
10786252
10304615
9857604
10804705
10985185
11059814
11103300
11150519
10903861
11068408
9339439
10811042
11008265
11022225
11023390
11161559
10651655
11062110
10926452
11147683
11037138
10322532
10603468
11233799
11380241
11355698
11287255
11151790
11321829
10498707
9839896
11529209
11449035
11480993
11520251
11564060
11576170
11468778
10343999
10942447
