0
192117
529343
457543
375610
388734
396052
394872
392103
393352
384069
383077
392070
393463
396926
387996
392517
388979
319402
396498
383312
407427
385432
376818
391654
391505
386066
397642
396097
379462
402936
383898
391100
394269
387078
386888
376434
406769
316201
397186
374870
283287
190029
405528
365735
416835
379843
391487
370430
415563
384472
396064
389531
390860
381582
393540
385297
393268
323811
406453
368783
342854
397783
386605
393524
388739
381230
390468
393956
388279
371420
390967
411835
380467
389293
393389
388667
381507
406046
373990
402302
327217
371466
409002
368785
406087
385804
360133
349017
388123
383004
389807
397732
380988
400203
375107
414581
366993
360375
364026
