0
181269
546448
412305
379900
377471
398409
369737
404166
374644
380546
387093
352394
389377
359833
322036
377853
395514
346263
398681
369561
370704
377836
308924
357164
362717
387674
375200
392360
392054
366422
373036
337100
348160
349863
405172
393646
390870
380498
344882
376278
388214
370654
350750
385980
379475
391316
371432
393811
384599
406564
364935
387690
397941
385872
389416
361091
348910
378759
362849
387779
394315
385383
335904
356548
408015
390815
371784
396097
403451
388880
383324
343058
374997
376424
397260
385859
393214
392237
388988
392556
386006
396237
332625
377329
400324
374039
392910
379643
400232
378387
407390
359988
384311
388897
400493
377256
400568
386318
388730
