0
350
137
2439
6014
6201
6604
5710
5507
6014
5758
5487
18445
14313
7263
14708
11022
8984
11246
8753
10603
11559
10256
7900
13212
10205
7558
7205
8415
6212
6208
7131
7008
7766
10069
10390
10973
7529
9554
8306
8702
8280
10298
10341
8270
9553
8724
9979
7711
7159
7852
7507
7149
9814
8995
7448
9893
9313
8223
7334
8484
4735
8565
7975
8630
10657
6608
6592
8467
8622
8662
10619
9373
10737
11910
10802
8791
8677
10062
12895
12288
13743
10967
15432
10533
13854
14993
9324
13840
7957
7648
7906
11739
7342
7940
7052
8861
8949
8591
10203
