0
565
412
265
8411
21114
34824
39957
36278
26177
23651
36766
28054
50290
48089
55317
34688
51877
54016
42987
10727
31514
47539
50325
51588
37393
50705
35482
47820
55558
54569
53487
48316
67871
186548
167692
203789
130586
135405
108185
137466
95389
143887
87385
81294
143022
47697
17441
175949
227741
153541
6555
7548
8778
7055
124559
64375
123851
146398
42772
79084
29408
69730
62265
12780
28441
19673
28679
75435
165370
162046
133349
79931
58243
56828
130498
59411
86588
32160
99744
4690
113649
123729
142644
218874
186372
169272
115590
58673
26634
99752
160840
86080
109452
43632
44457
47298
10812
37873
49946
