0
294
282
657
4608
58152
49352
34631
96272
41921
43405
76490
11980
27785
38759
23639
19497
20249
28408
36217
59640
16287
18845
39424
31645
108976
32462
69205
54159
24261
30737
52164
21878
62980
67047
16413
38903
44258
26557
23358
27037
33842
41245
24567
52712
18179
19732
86157
38838
52812
26050
55280
33752
26644
42128
49850
23564
29704
97652
12716
50162
109369
18832
64370
135492
76859
25138
44526
59064
38418
46819
32320
33576
19304
20903
24312
52164
83333
14946
17683
29269
68261
89471
164551
106143
55301
95437
136065
171662
154710
70061
23333
28945
103037
34259
39247
61189
24455
23002
18506
