42
256697
763368
954541
953434
891675
870464
837386
945690
1039007
1077826
1139542
1123002
1220664
1155935
1195837
1149880
1222069
1213015
1118700
1112804
1115756
1185985
1203943
1261727
1196084
1209389
1217558
1234017
1222799
1231824
1200659
1242997
1216264
1257044
1238191
1249010
1228779
1285917
1273999
1251713
1255875
1231417
1290184
1251815
1307404
1280685
1215570
1324432
1289421
1329379
1281360
1249047
797236
1028782
1267057
1255793
1222280
1276396
1306391
871405
1028561
1105681
1229572
1243488
1257131
1249589
1220860
1278001
1234398
1222102
1235077
1220098
1259495
1237546
1267390
1083443
1026070
1231810
1098320
1158693
1138489
1068110
1100032
1140195
1188689
1234276
1225331
1245516
1258325
1253169
1251385
1130842
1161139
1271808
1230296
1266414
1231162
1227092
1274493
