0
237
173
184
409
237
242
45342
58575
50281
43023
50292
49283
52073
51023
40401
47441
47956
47487
48432
46155
46764
47389
47209
45088
43009
43953
45772
22830
17617
18292
18294
13864
18895
14626
21593
18683
19085
19264
18937
21501
24103
17971
19120
20379
20390
19666
19661
16070
17171
20567
21329
14902
19220
18776
20425
19758
19953
20232
15921
20467
19866
16249
18970
22275
20848
15497
19418
15380
18680
25583
15637
18958
18968
23907
15368
20494
21091
19364
19903
18000
19066
16179
19116
19908
20336
18964
18143
19456
19645
21237
18866
19199
18627
20081
19089
21702
18974
15563
18034
