0
317
840
775
358
303
299
21529
54924
49224
51729
49067
47884
49272
45112
48321
48253
49466
49978
46953
48786
49297
50826
49750
46943
48556
45734
49065
18544
23861
13968
24532
8653
21457
16437
19025
22897
21146
13003
18647
13618
28781
7915
22596
20147
19513
17515
21461
9867
23444
17631
12565
21311
18906
24689
17092
8768
25231
17451
24740
17948
19166
9785
20444
18547
18962
19867
23122
20024
19275
17020
14539
18088
20208
23898
15904
22981
11746
22181
10356
25717
16827
17909
22984
20498
15730
19450
12342
19506
17360
26276
19382
9114
21963
15191
26702
17719
16175
19441
11174
