0
1948
33593
99669
64454
76825
80802
405624
91478
118656
127259
106734
487763
238007
384250
240911
105155
110881
118306
130195
275956
133135
191643
333872
642245
148509
301629
235187
194815
342351
193686
154852
351685
342570
455867
426296
351517
991014
1111022
455171
309492
183936
252312
202141
561942
575655
162421
475451
646906
346081
546845
559062
180841
159373
176244
362641
341292
342261
183863
387623
253569
486837
209316
237642
381906
190725
419599
197533
587933
379251
360206
439098
200715
201413
901050
334231
595873
529348
777929
198354
204522
206299
206782
519662
1358350
795400
203414
245802
200825
204966
206393
206582
205559
204438
210477
213523
214736
217314
216730
214948
