0
196130
541122
366261
174358
177825
174321
175424
178256
180054
157604
170020
162828
197952
160591
185271
169313
180153
150876
171745
158919
176663
191444
180395
188391
188137
163134
153091
190835
180308
190892
184793
189068
173903
191144
185694
190448
192158
189462
192886
175857
145907
174374
190088
185012
195186
173628
188906
181535
161999
197386
191512
191159
178051
179843
174785
179340
165148
177043
169556
167612
136458
177612
172690
166996
169262
185823
174276
194114
171723
173860
170547
179709
170476
170612
180924
184390
185218
156449
193325
183489
149781
176137
203480
176400
185482
172995
196678
182666
183858
167398
176900
195242
196066
188145
192525
187637
181536
188795
161408
