0
181605
552585
359427
194467
184994
183999
189024
181103
192759
194556
185652
200009
190698
193247
199664
184582
195976
190340
197509
166515
175411
190737
189065
195940
192234
193374
194833
184377
200049
194369
194258
196921
190428
197659
187945
201838
185430
199957
183402
203569
184006
195388
203273
189832
197337
191418
199638
174835
178739
201720
180129
188813
198484
198079
194379
194548
190469
197708
189144
182389
160062
175862
181358
178120
180949
182784
181760
158671
163145
151705
169339
180181
161226
176379
164091
182045
170285
180839
181378
175337
185769
175791
176952
156611
167887
169787
173842
175727
179077
188739
180623
178279
168956
178810
183770
192389
177409
192199
187008
