0
11984
13827
6421
8439
21087
7137
7783
11879
15455
14216
8295
6739
12016
11157
16111
8371
3793
7434
10922
5650
5080
10649
3197
3314
11848
5400
6902
9070
25447
35506
15752
19281
8660
5564
16275
12257
8135
2558
7578
7311
2948
3179
12149
19887
7080
4499
12141
8604
10035
9683
16492
9194
2664
3250
2471
2723
2423
3251
17750
17802
15849
5047
5220
3068
2552
3089
2686
5325
18216
13169
13603
6216
21863
4196
11389
16810
8538
22459
6783
6625
5621
2878
3146
16744
4750
2613
3355
14268
15501
9518
12767
12492
8527
7390
4905
18145
24098
3743
3432
