0
8387219
11794263
10731326
12090127
10327169
11674222
11046003
11706486
11582637
12350765
9163319
11204561
11231987
9694184
11792430
12309377
12455395
10682137
12345914
12522159
12676338
12357209
10453285
12263325
12260989
12260372
11560654
12240637
12354818
9171063
10601325
10927111
10484641
10655783
10285887
11872713
11712111
11048156
11229498
11907771
11031836
11601084
10884580
12053894
11545987
12252181
12211943
12317602
12348608
8772303
12071533
12155271
12286195
10482350
11490111
11971397
12167759
10614213
11716757
11628732
12322398
12356924
11960396
10923014
11853597
10934243
10155382
11432273
9347164
9979075
6843308
10092953
11210700
11073388
11253888
11953196
11761560
11198307
10678722
12033923
11436534
11178086
10631454
10536438
11423832
10565190
12156348
9444357
11909158
11918291
10012134
11011604
10382300
11363330
11184286
11147454
12196956
10823950
10532006
