0
171829
483116
410993
203818
186194
220266
205789
168757
211421
208163
203994
205869
213668
197060
202545
203927
216255
209241
197606
196729
202573
187398
198102
201059
194825
202221
198108
190830
212237
184908
207505
196306
202034
193247
191707
183994
205816
204865
206207
215301
199804
223799
209084
203671
206602
204588
198580
225487
205022
192195
203626
220054
186428
200250
205629
208196
209874
214217
207101
206576
234305
193839
218989
207833
221093
205508
227892
182689
235650
204107
190372
201428
187605
219335
211925
210109
199507
197287
222946
206754
200367
202643
205962
204232
199123
202015
198747
190319
199901
178587
161988
174819
167572
200137
197676
202227
197054
210616
191169
