0
216941
540475
373542
185277
204907
216236
201219
208768
207320
208351
214664
199094
211467
200132
189279
189793
210634
197301
217288
203463
219041
204625
211297
192619
209425
208320
217969
200894
221448
205846
195039
211168
201717
201938
181831
199883
202381
203193
205913
206916
210466
211046
215746
192600
214773
197590
212457
205179
209064
198224
207831
209536
199339
214068
172943
199478
203454
203051
209420
217496
192326
206502
216777
202539
199522
210662
195036
201420
223987
215133
204393
211635
226455
192310
183452
207090
202410
209262
198094
205566
203558
206496
209841
201737
202567
195824
198743
205754
209978
206698
192517
212654
229788
206066
187107
198741
201519
220754
202312
