0
1574
4940
888
3819
5554
592
1208
47383
57358
55069
52468
52424
51343
48149
48550
48481
52143
52037
51930
51829
49955
51708
49939
51428
51674
50775
48502
46318
42029
64678
45451
68045
39966
68872
69339
40042
51509
48301
72525
52617
56415
61759
52489
76586
44522
66193
51670
56684
60042
50472
61138
51937
63128
49621
59646
56146
49647
63687
48481
65130
47096
76446
43657
68283
55208
51560
64618
53071
65804
47979
65026
48676
59143
60373
43333
68632
43461
71602
38887
76473
53740
44759
74458
43091
69668
38990
72710
37463
71537
48967
75206
62507
56254
65220
48239
60892
58222
49051
71435
