0
9924
11591
9000
4327
5426
9056
8757
16110
7710
10866
9778
7941
7066
7111
2586
5076
6469
10103
2653
2910
2406
3648
2798
2565
2376
2897
2338
2943
2539
2968
2623
3058
3218
3064
3283
3261
1895
2361
2333
4113
3240
3342
2569
2763
2784
2350
2239
4772
6624
3997
3545
3741
2823
2275
2681
2437
2440
2827
2276
2596
2233
2580
2433
2328
2428
2465
2339
2768
2390
2521
2383
2628
2473
2472
2449
2443
2443
2954
2424
3991
4622
7531
5234
2264
2371
2437
2195
2714
2398
2510
2406
2615
7182
2512
2529
2355
2331
2344
2442
