0
219275
236869
235888
220284
229966
237634
241705
246403
250239
253545
250577
249466
238313
955304
252085
253061
250352
232896
247415
252149
253471
253424
253552
240282
900098
241442
5632852
2063912
239801
239172
240576
233857
240055
230270
239549
241143
241208
246388
248069
248056
384197
237383
239809
238874
236461
239238
241314
758196
236340
1586094
235969
244680
227908
1020913
230085
235919
240751
233924
203738
237024
2969821
246740
247798
244047
243910
243521
727514
5716067
238674
238295
1502507
1993354
212696
246219
245591
243944
248785
246533
252643
249614
246173
244817
247261
4674984
238646
237176
1330692
1868493
1861582
292299
378259
1109962
199894
232913
252523
953675
245093
3220405
1778470
