0
184958
527440
381596
204452
203847
197132
206845
203298
194204
177837
200931
203643
161263
204282
191330
196488
189100
197407
197483
201712
190634
201211
195260
200900
203237
201999
196376
187360
208594
192290
200698
207545
167475
202311
201364
203016
202235
206601
196041
193875
179779
205073
202612
196673
199510
200506
209160
198642
205870
189455
203302
174438
193673
189212
220264
199631
202966
197652
215932
198496
201010
200433
195217
197582
197820
194867
198164
194703
200331
198706
198978
166392
196532
198287
192421
197524
188737
207402
193942
195173
187161
196634
205639
190722
209993
203320
201278
204203
208383
188502
211008
160391
180152
199686
198414
207720
197920
197489
186251
