0
145829
520962
415655
202179
208792
202293
216173
207860
218175
201834
219343
220260
204373
215325
198067
208138
199060
195069
220630
204103
212084
205911
232557
200200
197998
207516
219244
205326
210493
213228
201992
193295
193171
198090
207119
208321
213819
199180
208947
197203
172033
220864
203330
209326
197130
200674
214032
206270
210781
216793
209829
196633
207378
214757
201256
199836
202627
207070
222777
203116
161722
204499
189781
205401
203480
228676
184716
219516
191662
213120
190106
205136
148932
193157
198662
211287
202435
204102
195922
197674
166424
198758
210515
204792
207566
192418
209339
205998
207686
198517
205007
233138
208433
220154
207269
220790
218840
211342
209894
