0
67969326
69466705
66706788
63782719
65072514
55867343
62641626
60989215
61627413
60028138
53562710
60501864
58670293
53548096
49743612
60111364
53510820
56060371
61625428
63826153
66907305
57293199
63048127
49281582
66584775
58113374
51973912
59973808
61610804
61524135
60243340
60307687
49407571
54466105
64537161
53837833
60720775
58578785
54304418
58900977
54492563
64903485
64360399
65773876
62655174
58222644
64767453
65070731
56828643
56811796
62285756
61253396
64382124
62648313
52091250
43083041
52393675
55317554
56430721
53458823
53484754
57854911
48411006
52461095
52717504
58585373
56597794
52152934
56398202
48220534
55506276
59408215
58608263
58242947
59162097
55204800
59041168
61781320
58288429
59822663
64841830
62936412
64143836
66868321
59524344
52468816
62523016
63175039
58997084
62542830
64242152
61664812
65880077
66366134
61253001
62102617
64525205
62258754
63504998
