0
177456593
195309787
202156658
195486736
198050640
193294270
177329108
177867872
175796804
188126226
188213658
187026655
176017153
191706448
187877489
158119981
151418547
167276519
185561369
199693694
191365473
193511339
193414853
192694690
173198239
190761293
192368180
164795964
157807644
175752107
195280858
195450186
196725675
175142747
183578291
169129410
180344329
203350438
185179768
172209570
189802327
179378792
167210845
180441186
168664985
194895504
182315777
185792831
136942050
185074298
170421546
166136349
196916909
197323042
185823603
180425072
160921891
197012821
202354867
196254409
199498651
196332756
200384855
204017357
195613631
182833061
184429910
137659039
140885749
168317030
196479993
204065017
204192849
207009354
207547688
205206076
173866420
177664214
209908801
209371671
206709439
206431709
206415742
208449253
171492157
193163375
200257329
203379177
176427446
206089274
203865643
208365945
205649400
209053798
207382148
204535984
207722816
208718396
207415756
