0
1
0
93762
198432
194028
200012
196630
183143
157853
198004
185066
195479
192459
197893
195592
197515
190097
194872
180128
197917
192842
185039
204609
161199
195003
175646
192888
170613
160246
179165
174631
184304
178459
185430
181871
185227
180629
195309
181740
197941
186880
186730
188433
158755
186157
191888
171357
194308
168995
186824
192797
169558
188469
178286
170740
165420
167944
196923
187888
194740
197720
188906
197161
182539
168454
188518
164761
173777
192717
181169
188753
179636
185326
189361
193275
175922
183154
166717
178584
185423
181720
164057
175183
185554
184065
187744
186159
177901
174062
177289
177621
182914
188302
186533
192214
189188
179155
193398
176890
