0
1
0
85651
190997
192909
187124
189290
154234
171780
170907
181776
184751
159882
188121
183157
182588
190624
181690
186953
185610
188158
178744
190022
180887
198126
174664
174297
176895
183270
188760
181200
190232
188892
195323
180002
196637
158717
186833
163169
192924
174857
193597
167147
188222
162626
197748
182807
168711
177838
169398
171680
186039
191257
184288
191203
183980
168607
177656
172878
162698
170052
184588
161106
172803
177651
178505
179135
201462
155258
195800
188648
191600
177428
184490
174603
195647
187500
172472
178818
183469
185997
176640
182571
177209
181833
173259
185197
188608
180092
166939
200767
192411
203331
191617
195362
201579
201252
194169
188633
