0
182748
485904
398914
196636
219867
199269
206377
201568
207689
198241
193112
205049
212319
191620
201301
197097
202112
193682
197981
194804
205679
193363
203909
205027
200372
209794
203970
200514
205818
201740
196602
216707
206058
194999
199784
205267
200386
206276
183831
217836
197174
198230
206655
189489
195851
205979
197087
193533
196808
203568
203518
200079
208384
204093
193513
197188
193954
206405
199589
202995
202365
196758
202990
210647
184367
195971
195114
197748
203740
193738
187587
205750
201859
198483
214999
202897
200292
197315
196151
195860
202530
201544
199847
191419
193979
196878
199181
193186
202273
204796
197072
200806
192614
195517
202458
192795
205829
200393
204911
