0
151676466
146019489
133255076
136305237
141952692
153335913
135020825
142530315
152065804
130235603
141821528
129541799
130590313
149198835
140815321
133518982
148382687
150673625
143087158
124483772
148078802
148453610
124756107
133303254
137007264
134288034
129159719
136631250
120784564
127145953
138007722
133781261
139109623
148106950
131050605
117086788
139281509
147692197
137471175
150096485
155120103
156327894
155861321
155488918
153264800
155738345
155532501
140593029
138588580
137927869
143844217
150278821
143760562
145461142
146372008
127970305
147057442
146801791
150420491
153602334
155046937
154277321
154195085
131768272
144586407
152900786
130454772
119709656
137921011
151952963
152299276
140026495
152492259
153283411
155123705
144505729
143383333
132340084
135299335
125863046
148184480
144885863
146848241
135390386
135918547
136093213
149752721
106412734
134196558
137171155
143386963
132132809
106009920
142878090
130300074
135027938
137957305
115953739
130745885
