0
399353267
401096701
406964212
358554026
403963691
406527322
361475297
376557769
402907507
348365967
365788862
314870307
389707410
346187354
384390616
378761915
304824431
371566733
395595289
341619248
395681992
409710670
407018994
378077743
397596496
409020128
406941041
405094152
396774619
383590370
355382476
384165770
395362420
367705549
333564350
359931380
388070050
394136395
361983927
370051445
365386877
294051722
379297129
356401440
377687602
331314171
368093734
321308093
376720399
354545125
343578064
339761674
370687927
392230027
337707913
374617865
341350116
372849407
353941650
352155749
342052695
318495349
353033239
332534445
307053778
348206463
369550497
353954189
352468381
345930690
366502615
361908624
350185530
363020225
346535241
320857693
324763266
375149318
323172524
338627718
315806375
410505929
382848568
378411832
351282023
328924448
342549662
360076474
321602602
352399170
328825397
322466000
300643842
300002975
217976608
251594075
234695827
389155056
308709653
