0
1071177
527894
529552
584656
585528
570872
446610
556204
567597
478982
537906
558498
566114
569563
413238
593216
500239
532493
561937
534402
546045
570653
580038
590143
583485
565395
584037
576395
573117
570280
476547
470487
563847
472451
494468
512402
510416
539166
552714
549840
529925
551455
507797
558521
575556
593004
448840
511972
484757
558820
509137
549758
567720
570012
420045
585619
490322
570442
472659
503756
522924
553864
516621
536109
521843
476425
522050
520885
531639
567504
581370
577404
467187
491613
498492
502815
562040
562444
592626
556005
606722
570205
593634
564309
631164
531698
606198
571051
607002
564980
601230
560757
569107
583008
572817
592481
590305
589534
587184
