0
1118267
559999
555676
604217
607077
635463
595597
597387
639959
592142
604119
584649
617890
622175
631991
609669
590267
593707
632714
610928
621587
621558
601066
631874
597422
620884
607283
622190
615839
576621
648290
624879
625019
626480
588157
617130
615221
620540
611219
617239
611949
615694
615992
567331
524150
531899
544202
546197
532144
586106
513721
553953
533872
575865
499141
373534
369052
508211
518128
513032
458588
498569
514080
472674
516537
539935
513901
539000
593344
554984
535152
544088
557458
565716
512855
492407
431325
506711
579515
526694
462623
393602
512630
564767
466831
543871
562366
560681
564241
584595
563222
539517
571514
569117
576563
480143
586531
574108
577441
