0
321496789
357369686
389467741
401962798
420853244
396608807
389077554
371714564
395045770
380622189
382306901
411328378
338411609
397207903
420867479
389855460
384810900
311977214
398154211
365470997
415190722
402737748
374529153
302936335
417272081
340311444
395022807
387841981
356130421
407409938
354708111
371947062
401333507
401635376
398607181
360142342
337974640
309771998
346792939
383079810
396854675
411364484
403566922
408142813
377202231
380572410
398003264
397149003
376015451
397360232
362439962
396225193
393411872
374590363
366416156
385430478
354341011
335380450
408456944
366830863
357562778
367227557
414146502
405054811
379978053
356889872
360662364
399102358
355455772
386156881
358385825
328844771
352532056
362169180
357057281
371373191
321335083
291842519
336549666
334722302
346828651
371071417
343159632
403515831
408361690
374986048
395022398
391565105
355874627
360420264
365695355
379297787
394271718
401162085
397271078
380610996
384949182
290111900
383167774
