0
367438435
364873023
283286259
333695147
383508667
337810983
331726754
219135438
282960109
312574708
393078598
399818138
360258675
364716039
399512876
385218469
314431763
330772416
392191262
383777861
356442143
333551680
332549009
354178936
385878088
392813369
399611912
384499537
369859015
358514083
347493582
331303815
350426217
370754677
355692597
353906078
288529563
385397067
360234868
391463435
399694376
346995492
369298659
395167213
371232850
333513425
387494844
399472039
364085252
353564237
385467535
397334193
402817482
404306797
408832166
407634850
305224571
346590535
389791632
387328093
401018600
347939569
357744932
402923874
403265472
332704140
380077441
399975503
405017031
372790831
323213245
391689824
404658901
332131468
392921237
377825098
318241325
378577572
398008763
388690755
345210316
312224080
297485990
364176615
363852833
371588399
381831717
394323929
395541666
355888880
388899162
354452434
390039700
361786204
403158189
388314501
335730331
406043930
406122290
