0
2899133
1700348
1922190
2287060
2491669
2482656
2448146
2365116
2080238
2213111
2355604
2093321
2347281
2417909
2457128
2081081
1967391
1993558
2192642
2418099
2226685
1979861
2480953
2214831
2539390
2256857
2458726
2412078
2514623
2429526
2518744
2417198
2441783
1893276
2430891
2407463
2250342
2112254
2366121
1837822
2314034
2064726
2282689
2375531
2391190
2186897
2292494
2219499
2463705
2320920
2437719
2418982
2543961
2402844
2330268
2283963
2428853
2398356
1907667
2252268
2436745
1961275
2489883
2235917
2362631
2453102
2395535
2061335
2470272
2032622
2270243
2242864
2500408
2196183
2537446
2324036
2410493
2161743
2079788
2339754
2352980
2225512
2371483
1951534
2334314
2021934
2167417
2236043
2316463
2190408
2290961
2359500
2319701
2305453
2288278
2313233
2427073
2197947
2234488
