0
2874061
1796620
1902396
2235896
2258281
2432326
2421498
2444229
2276957
2403766
2145500
2486248
2479514
2315132
2566840
2329348
2265749
2243442
2406477
2019605
2443003
2282718
2202911
2107496
2599237
2522928
2572861
2266311
2711383
2497769
2585703
2047081
2441284
2448608
2446178
2527711
2396984
2477536
2419114
1599053
2147452
2134359
2364011
2562871
2498560
2393510
2363825
2175275
2524019
2287937
1944682
1997579
2289776
2272603
2486610
2450573
1877734
2230605
2631866
2076027
2135846
1880064
2003028
2363216
2525653
2577478
2292630
2496713
2429747
2454737
2406733
2164957
2351703
2259265
2434306
2650404
2135850
2600345
2558633
2549374
2643382
2560476
2040268
2072121
2226494
2260400
2251566
2594240
2439238
2609183
2289081
2621938
2510975
2536312
2535663
2391032
2220784
2440851
2589066
