0
423089
536132
478635
512220
539124
545361
515232
495461
554525
533889
495922
499255
516931
527596
513646
499069
504356
486518
544487
543042
429661
505433
529694
522548
518556
505422
484719
521996
515575
545086
512434
543253
505547
533237
541180
536002
511688
548071
499923
529222
472832
498575
489437
497725
458371
487160
537019
485373
542976
502174
524745
532678
542718
474792
509548
508239
496567
477989
537620
423914
515233
466307
536681
526016
531689
528551
541354
478395
528072
498120
499851
528298
521285
517830
543466
540282
495138
499878
555318
451591
539601
557396
490437
492297
444111
497544
506643
516244
478018
480424
506546
517446
502798
521816
472782
537579
525140
497516
521303
