0
88665350
88681491
83769873
99111945
99256793
94055957
101058758
97338169
89744900
83370951
100833063
82409544
92802155
95802081
98316587
92790317
93603965
79376415
82891689
94918716
96570043
89843757
91146407
75960874
101322067
93903974
92602112
101451556
96100984
95707970
101908401
77905306
90251674
95848212
100331399
95300045
94383805
99423799
86531391
98923350
99584379
98069652
96791640
94331496
91178572
95562096
93961961
94141602
83409448
84136082
83975238
80156152
83754168
86377933
94811214
90888302
96010661
91896520
79247551
98456017
96705369
95807382
102189065
104127645
81126356
93982292
97832117
94491395
95917320
85151839
97830206
92610043
99374403
93326362
98723649
92020685
100924347
76219042
87008145
100775530
94443245
85354979
100625764
103404864
104847498
103484386
94601529
92049165
84916232
100186882
101841144
103050911
103204955
103588942
86714469
88925597
93843759
94249003
88825791
