0
33
31
637701
1214844
1174400
1236131
1087728
1110319
1208944
1211873
1262751
1245461
1173587
1241505
1253360
1196455
1247881
1121441
1241479
1265170
1142272
1214540
1293315
1208808
1274116
1212558
1300875
1217117
1302208
1201539
1225981
1278055
1283575
1301781
1330834
1171414
1152169
1062127
1112234
1126977
1191287
1257249
1192861
1241370
1237719
1200766
1231542
1178156
1275862
1286974
1255008
1172124
1183467
1341600
1227301
1265545
1289592
1227434
1214083
1176348
1066447
1099163
1193159
1137133
1231829
1165436
1335628
1136248
1283512
1219396
1384695
1215492
1263035
1336055
1234027
1212652
1253782
1228355
1259681
1203139
1325055
1353603
1351721
1324621
1361041
1301616
1323533
1262031
1353735
1400620
1313957
1246013
1401153
1275854
1411576
1330311
1315638
1289600
1346084
