0
32
33
446354
1155623
1260359
1264180
1205112
1146154
1239947
1186357
1081961
1088017
1060399
1082406
1069790
1190967
1188077
1103945
1050426
1183912
1179918
1075177
1099735
1255289
1276841
1238961
1232261
1163564
1228109
1233259
1193304
1129950
1161201
1154515
1087274
1173074
1088775
947888
791964
714886
524536
625244
954693
1141488
1085855
1319974
1256838
1221413
1254201
1242883
1205463
1203846
1373677
1217066
1212683
1154839
1309162
1167733
1236495
1064438
1226025
1139265
1226311
1341809
1170285
1129485
1293376
1182370
1294064
1373489
1312239
1351593
1124564
1249058
1228508
1366010
1133568
1257638
1033161
1129004
1195387
1244566
1077359
1252947
1193546
1226804
1271631
1283749
1270239
1142022
1303020
1263481
1334487
1221351
1198965
1148497
1262882
1209823
1245983
