0
336728736
368997279
349384613
320568087
356495043
360605062
358811812
356406834
375097522
386311084
356065201
376074960
382787973
358000844
364096699
348601664
348862288
338317308
250452109
314359582
357507494
348023651
333226977
358404551
327366105
334518916
353512967
347783040
355588055
341227565
346430311
329277703
322166292
322821910
362784823
336867928
350185792
356503065
373074549
314613819
357534645
355872864
311105002
348176353
408347135
411678436
403781931
412851068
411136741
410638655
391483115
354173596
384319245
381165125
338584398
310444209
350278162
365097611
390879991
327963337
326451522
356120273
383596493
379821000
368221175
407950284
408610705
412758713
414513153
413030471
411316467
407319941
399505249
306081669
341729949
376805792
300660975
356142046
341954653
322091078
359197303
266440893
367016359
292106838
385498360
340521425
363319134
400413506
371424121
343429430
355469656
361992370
400885441
371367890
354616999
322224353
333092258
357228804
291985400
