0
1618604
1489497
1833642
1475697
1364706
2528114
3322525
2219070
2341763
1309779
2061209
1367241
1574749
1868134
1417906
1463072
2546271
2068980
1976020
2396418
1782733
1354163
1797285
2091312
2177685
2117488
2504184
2141466
2522460
2076039
2510102
1660251
1529627
2780534
2167144
2660305
2563416
1640578
1775498
2213302
1657581
2387468
2341518
2203099
1769111
1494004
1866692
1660671
1485920
2463368
2423059
2461028
2015082
2062588
4307231
2075210
2986567
2107134
1912731
2037684
1553979
1426576
1562780
2708439
2527673
2170502
2370468
2448721
3177781
2184343
2686081
2673916
2434826
3406872
3818233
5125068
2701151
2117962
2397810
1590579
1900409
3017961
2385251
1400868
1993439
2373049
1609906
1377132
2504360
2402508
1341786
1827415
2288103
1434424
1929738
1985482
1659274
1395672
2483124
