0
486906
743288
484413
346430
395487
1347177
1813045
570005
793323
821508
1014623
4741440
1535057
1080460
1157719
1096021
3761896
2510069
1724320
1723854
1654541
1631294
1815687
1736444
2758382
1862031
2043818
2064185
1861755
1806161
2010411
1895906
1871509
1717642
1984391
3862425
3371534
2072914
3819187
2404289
4116423
2021806
2436360
3797438
3264681
1619517
2984362
3465378
3099570
1841688
2022471
2338648
1694424
1638647
1588497
6756093
5179614
1851897
1791629
1877868
1976036
1906040
4098358
2155985
3409716
4529759
6634946
1814580
2589061
1768501
2013734
2618731
2265501
10891151
7238517
3270252
5708510
3241320
2789430
2491458
3527310
3247520
2407912
2036282
4207184
2027385
2381114
2250408
2230104
2213018
2551776
2291475
2249815
1924977
1917114
1964021
2181617
1998186
1941610
