0
16892
7599
189535
78003
83728
83778
498085
159411
79209
80811
78426
84789
76379
101879
170580
132647
133550
181436
244478
123664
159225
109996
90158
78873
81788
92987
93400
75634
89082
94700
148912
145911
96164
102805
86567
88388
96282
67671
95992
74453
83990
71037
85423
144664
128674
81861
118753
119542
131572
87072
187406
156734
88572
74890
95861
91763
94151
79804
77094
92246
92790
80353
185013
91132
97244
92651
179242
123008
109527
309208
534742
113531
90656
78537
109625
96254
170560
270530
107531
154479
143436
92992
142820
106370
100466
136902
111116
97768
78807
97451
111564
132082
90426
94271
137436
117279
97391
94747
101966
