0
17312
142398
226582
157795
686759
148447
149325
176383
118865
173918
136342
122949
109672
233332
149937
144108
142652
259990
145264
497281
122877
142206
146861
168005
147437
190020
161069
282500
155813
138328
156769
127562
110572
731090
132757
279226
163532
143970
148610
122443
123574
154377
167379
131414
127243
182398
118550
1162387
194747
224287
122699
229612
129207
239332
124272
223115
169042
116397
129199
114621
126830
127272
157160
274336
167625
176106
144815
187899
193827
160422
116082
121065
202421
167431
219557
198095
183784
150428
311228
184982
169367
162722
184531
201691
183958
175157
72842
301812
108630
140541
107650
116570
238260
160696
133047
362933
456619
481199
470258
