0
43081
34044
143129
46426
283099
236468
74693
451721
159541
78882
115232
242787
133483
215267
144741
91480
50180
41741
152699
89734
27640
337338
44085
119753
177525
16462
138391
112858
109881
79182
94870
44712
265581
231800
23336
22032
164215
533777
177359
133946
223201
197047
596754
648213
297184
98734
169912
151308
9574
11218
66855
9753
85571
290530
8597
55609
30020
381311
65289
164330
52542
10492
55799
4514
219119
78193
25573
25378
93144
2423
7834
43357
11909
20303
145890
48883
11812
31502
34552
37787
75942
58558
43527
10897
37438
6572
70513
167675
27953
57392
53392
89758
44936
31594
35072
65775
66510
51982
73879
