0
5334396
7561422
10645007
12153571
12476130
12496612
12636792
12757598
12422575
12773390
12823213
12918550
12933286
11582837
10544531
12300156
12214192
12061115
11666853
12621564
11975586
11532437
12525460
11974424
12323647
11481661
10987163
11364112
9784309
11090311
11675457
10879568
11163454
10579050
11065019
11397948
10610652
10208523
10896577
12001885
11236080
12578271
12745785
12141626
12769169
12896607
13119004
13024016
12325875
12715726
12899222
13010246
13047377
12264968
12684860
12736472
11810390
12934926
12091435
12792909
12892294
13020004
12959580
12108412
12273818
9803924
10261634
11519422
12473142
11123495
10263317
11995891
11996524
11558307
11954483
12582327
9679941
10243876
11439237
10188236
9155087
10143870
9351195
12303158
12351983
12514666
9616091
9251913
11542713
11412564
11964430
11527441
12415358
11885601
10680918
11967061
11280676
12352784
11972780
