0
44166
542378
447884
199959
200336
202694
196008
200043
186799
200075
200983
201673
200483
205995
195009
200345
198519
204904
174845
199904
189514
183448
202491
193556
190087
211452
190660
195796
193538
204979
205810
191956
179044
201113
207127
203704
200049
194191
197681
194489
202155
192591
200208
197634
191512
210288
200326
198798
190996
197860
191848
183648
193766
206378
200330
206361
201955
195855
187278
203625
197584
200392
170994
203603
190743
188672
193788
198416
184852
198892
193634
194917
200355
196048
189677
209910
199849
200928
199106
176241
188834
202888
194288
206221
205594
206476
208592
192323
202387
188438
188797
195298
192904
188509
190059
188539
200653
190541
199172
