0
1862
392019
524709
251891
202958
203821
195785
200589
199853
190178
205872
214296
179037
202118
201691
192479
181531
196710
200965
195745
216224
197520
202404
189890
192242
206995
181202
199053
190863
227094
193987
195163
188967
202507
198050
196522
196582
198281
206482
187706
196636
200606
200392
179178
194307
204509
204727
179402
205998
208584
188959
191299
191016
197811
208167
207778
198268
201853
188913
209149
203026
195703
202420
171989
185501
197415
193713
202780
188489
199061
197407
200486
188410
195731
200903
199234
200959
204639
180724
186753
209903
181570
203731
151184
139236
166061
213077
199465
198507
197192
179674
194054
209391
199484
200282
209283
196397
198763
200707
