0
4235
5143
6002
10623
4301
2735
5465
2531
6526
6843
7848
3939
11412
2183
4033
4697
7924
9529
9065
8888
9772
7263
2156
3409
3033
2514
1633
2065
2057
4102
4437
2696
2250
2700
7257
6693
12115
14328
8166
8772
16848
4738
3633
6954
3867
3192
10939
4541
6578
4530
4620
7123
5792
2099
6015
7287
5267
7253
11522
8406
2841
4923
3821
2796
3282
3596
6888
4141
5029
4878
8363
5894
3424
2712
2147
2208
1812
1788
1709
1771
1748
1713
1758
1591
2059
1833
1710
2198
2732
3587
1623
1656
1830
1736
1613
1939
2913
2586
4614
