0
217932
240916
233981
215788
209546
221260
235277
238980
248327
5518643
3889699
252440
249314
249485
234445
243206
245786
248023
2573846
245181
243513
243969
244285
212211
247303
239379
240390
239357
241918
1299290
242414
244891
241474
458037
1145922
243748
236118
238698
2892392
2244413
914209
681651
241512
240543
248618
242145
237429
248058
244073
245434
241078
759640
239726
315608
238813
437044
1372631
473850
660075
237766
238210
262890
320620
342990
874546
236140
239720
237467
246948
267579
245701
261156
235039
244587
246950
303143
775778
255107
237009
1507551
415028
721313
235649
1169599
2493946
1141800
284643
252916
269564
233983
231879
233350
244066
607673
251624
243755
743318
239488
234644
