0
169317
521082
387089
200766
185258
203118
194011
196558
196554
203192
204059
204218
200536
200106
192247
199521
194733
207396
181490
193051
197023
191815
194129
194494
189185
201946
195120
193569
151796
181792
177744
196658
192824
201670
194431
189398
189008
200142
199254
203028
182392
208297
191583
206381
194298
204687
193760
200578
190287
198980
197830
194818
198505
194394
198783
199157
198815
198732
195492
200904
169347
203396
200567
205699
198706
201607
192705
205353
187826
203539
194144
200684
198407
183309
205468
188366
202456
193693
188800
209709
167789
191925
205912
200804
196983
192472
193936
196596
176241
200438
198784
190792
202624
197025
194718
199019
199636
197047
200185
