0
167730
504215
412064
171847
197468
196714
170005
181176
190456
184542
210026
196031
170503
189063
198734
171247
200764
201379
186788
193401
184475
192771
186659
194402
193274
199345
159648
200979
176217
207412
189284
208953
192148
203085
193709
201262
201493
194949
188947
202893
195329
189303
204884
187956
181543
196218
164516
200609
208045
186431
199286
187869
187551
191870
192436
202956
199952
205654
200204
206016
203840
199477
189026
181980
178852
202641
160562
193033
198080
205308
187868
154702
169012
181801
187516
193738
183074
195084
182218
197460
191255
195325
192663
183864
197571
204108
155812
180924
189806
197113
193900
193544
205289
183706
197746
207113
196310
195111
200592
