0
2797
4554
2584
3229
4248
8243
13551
12360
8675
16290
12909
15464
18610
18527
23143
14729
8182
14571
9406
6911
7781
7684
6779
7204
10785
16439
12500
14121
9704
10816
12742
15536
37394
16379
27828
28716
39692
28947
15522
21745
30154
33710
13373
12788
19513
11986
14518
17712
15956
13542
18772
16625
12275
13819
15606
20484
22313
24752
14863
19419
17186
25811
22415
23269
16619
18232
20231
21881
27008
16704
18359
16541
28853
24332
22215
43253
12255
21260
18831
34242
35911
32459
41659
31749
33717
50932
53798
42514
13800
12731
13190
16448
18064
18772
13281
12946
12487
16789
14556
