0
360
350
14159
25991
16621
13516
15636
15899
17763
15719
16064
14685
16700
15196
14966
14117
17214
19847
20393
12581
11927
14104
14583
24785
13444
15002
17726
16665
13927
15577
15169
15113
14991
14861
15980
16906
27018
38498
19647
15237
15075
12460
12495
24964
16829
15277
15704
24563
17276
27061
23811
20950
30400
32738
30264
41003
32470
49727
34025
33515
23932
37560
43895
33780
32536
28254
20702
15223
16172
15730
35881
40865
19323
31351
32187
28309
31562
30769
31312
50950
21001
16430
40623
49475
34362
34583
48062
27319
36183
20696
16381
14042
15039
17303
57575
16339
17692
20255
21077
