0
354
325
8244
15313
19633
27099
29629
21137
19789
20555
19923
18737
20746
16580
19094
17470
18752
15113
18001
22977
21304
20877
17930
15078
17174
17977
18605
16818
17186
19013
18199
15977
17394
19252
15281
15546
19220
14402
18336
19479
18907
19914
23647
18912
20938
16182
19737
15950
18559
18588
23454
17821
20905
15503
16721
26712
17215
17484
17891
15951
29889
13663
17105
21724
25501
25019
23025
23082
22735
17526
17774
16532
18631
13904
20376
22822
21823
20305
18180
21037
20417
15028
16498
16915
17868
17229
18114
15054
21477
18519
18357
16588
18097
18082
15279
18102
15848
16200
19899
