0
187749680
186168211
187493078
185910637
187678864
186425238
186304426
188581045
177080127
188496303
187378856
183781986
187587508
186851002
186580887
183018343
185955206
186156699
187373480
187699619
187344721
179961122
158878750
159745869
162950111
157524843
181061855
184260855
146715413
153480501
165524549
165225828
156234716
162619429
148411724
161068000
157786905
147080196
175155107
165511773
161408677
151914592
158840635
172857419
177752379
147559288
155920875
184678426
153468349
149141213
181638947
173193798
164468629
170402157
185466522
166929659
171960622
185767056
176279792
173760419
184328454
185478250
183536263
160807158
147249715
172303345
166815023
166678890
174395755
181244581
163566567
172134184
179016804
144852950
151117258
161639421
180561765
184776405
160395766
169966667
185496904
168802881
156379940
173090689
183067221
182114892
163640903
165224129
157763047
176803050
177219714
162161159
169653574
168994755
182215765
184406221
162923675
174053979
173653005
