0
194336115
195438037
185659114
181388127
186718833
187237003
187234962
163785965
181841424
176742730
194747459
194530134
174841200
183376172
171468475
189599870
189232297
180991314
183686199
194280628
194226587
186498977
160717827
166995127
181911991
152961503
134356072
134233155
154584344
174610306
183005483
172325503
150384246
148706263
147803022
155887295
166892227
188356259
189522601
188852216
196565563
198964186
191630406
193361065
194565000
197419784
194494092
185471123
197691094
199056976
196394552
197870659
199192856
198144892
197560288
195379153
197620386
196462455
198339365
199005922
197538424
176121495
199120823
198638333
198298888
197822262
173728209
197163956
199743553
198686330
199129740
198755076
199777900
196474686
197362936
195770809
196238752
196944569
197847695
198332774
197295502
198657029
198384426
197968098
199157469
198952639
199000194
183898538
198787110
173745222
196258136
198681183
197133804
183816636
197775680
195693666
198983670
196596550
197922345
