0
12168599
6419074
4961959
3810270
4065208
3687139
3445319
3630504
4224569
3690393
4230462
3635266
4080757
3863819
4011631
3994127
3913057
3992050
3989802
4055011
4114646
4055522
3990010
3851815
3714228
3494987
3091954
3565956
3315348
3497670
2959285
3855248
3676893
3539806
3203070
2831930
3266108
3500626
3837544
3740142
3390859
3725024
3780191
3867732
3511106
3685045
2894198
2864010
2879371
3272831
3307513
3226289
3529739
3363402
3466220
3647925
3576039
3553698
3436586
3695105
3878302
3751535
3732062
3570622
3816107
3609003
3200706
3521985
3838731
3503479
3703224
3412558
3447866
3460116
3231764
3224787
3098712
3210634
3445555
3750649
3273802
3870446
3419864
4049458
3713082
3330562
2826912
2487044
3185869
3455905
3905640
3433841
3756478
3577757
3783285
3747059
3846034
3925893
3808913
