0
12090082
6058678
5248322
3590861
3805044
3282660
3690282
3798867
3598979
2343581
2175961
3027548
3072448
2647681
3200909
3206249
3178166
3548602
3639577
3819417
3280947
3739180
3549758
3415371
3772221
3565712
3509952
3686260
3636396
3437246
3734216
3691443
3753398
3887881
3723124
3879532
3645621
3800472
3772000
3854642
3864662
3774232
3791954
3833372
3862107
3825849
3854081
3801840
3768020
3515185
3864627
3796115
3666817
3932560
3875501
3757851
3828860
3733707
3783009
3859444
3796125
3913361
3308627
3597982
3710257
3728912
3803993
3840051
3624540
3506110
3620934
4043605
3906832
3833364
3936857
3820489
3456795
3857049
3797968
3944469
3753271
3885215
3772881
3886972
3884781
3786776
3774214
3905500
3723102
3440447
3964705
3812614
3780985
3867571
3995798
3746972
3811445
3777291
3874011
