0
12937
16429
12129
13006
12343
15338
13262
13364
13093
11236
15708
14559
12228
14912
11198
16941
13074
13097
15947
17075
12717
17827
13658
14566
14989
17889
19206
15430
21724
11905
16830
17666
12382
14026
11813
22734
19970
20030
15944
20548
16823
22922
16840
17407
29339
22066
19792
19491
16616
17131
16187
18962
19657
16407
18124
21574
19243
14901
19846
16854
18140
19635
17939
17204
14353
20670
17846
11799
15808
22381
15916
17085
12503
12839
10104
14790
15981
11838
10896
11384
11623
13424
12262
10942
10293
15449
18248
11265
14217
13432
10371
15993
13477
11712
12249
16774
15566
13786
15901
