0
70239405
77880567
72832384
79027665
80768603
80951746
83754655
81649697
76716220
82091332
71641103
77150853
76985238
70189327
71148201
77536869
75482904
77730548
82862327
76857515
81088808
76490160
83144305
82412745
72761652
84920148
87415734
88662443
89197175
88703607
88997484
87786282
85771392
76916706
62572957
73083786
83051710
87432548
81750033
77191459
83086808
70217322
74671938
79856559
80810359
76941312
79119043
84275108
82005984
83781668
83896995
86442788
82472042
70648693
81978192
86330240
87844865
87386351
86488589
87790846
89142227
88375584
85739225
75795476
71511833
86425738
88494969
86927299
87225261
87229150
87252943
87871416
86553244
87417681
87207870
88747007
76353142
77657511
83597400
80220417
83527706
80604296
78469613
70012979
67771221
81302724
75688389
77226522
72478240
82611573
68393767
79501711
76499705
82491074
76063751
77282121
84238922
67780304
75913695
