0
206282825
211919300
201839293
202204826
167204024
181295862
178623892
194819128
185223951
175401733
195038568
195626928
186109350
191176312
195085141
172892355
178390704
181741665
182335028
178224683
169516625
191421502
185181021
193259679
185007835
189009657
199307153
182033944
192103405
201658977
198052257
171653460
169054644
176821403
163555561
196969224
186898399
181808756
197346937
205269694
202392391
166231250
195506030
163167891
176298785
183755693
153254436
114324187
137136008
188538659
180929096
169214308
187500756
188066676
164178300
179628834
167430857
177258710
165929643
202052879
165192675
170637346
183195909
183976161
199575092
157311483
176002637
192984742
178542017
200723528
201562440
190487169
179103000
183842773
168305366
170088651
202238679
208789716
208365125
211547660
195481854
204598902
170352124
188840225
186612660
196551284
196993788
169959367
192796359
158379937
151450719
175819273
176311267
192571925
183536065
165443098
178316330
170280043
172254046
