0
1064092
521901
448608
279766
326987
328918
398280
377993
347245
358128
316827
302674
342845
324196
348772
367553
384171
336651
344959
362245
365588
323981
325718
355061
379166
384301
363252
327706
402468
352965
352567
331124
352936
336913
401029
385167
341889
337523
323240
362816
339437
345842
309473
320293
338225
344318
381555
390771
395222
390664
390120
377374
377667
351048
384609
390063
378170
319850
336249
339156
342661
358506
375799
331244
352987
359238
303553
322903
362529
369343
393848
315194
319991
343125
342390
357961
357654
354212
364229
393961
369856
350851
349255
342872
334156
365806
332443
340043
320652
317135
274192
332396
351553
354715
399788
373798
395773
374050
395253
