0
1112810
541158
465561
400358
427580
408478
412439
399388
438270
394461
446865
399780
398170
420639
406439
402619
405658
409384
419283
407260
433073
395369
388220
414915
374105
383131
389977
407149
398410
374044
368234
401344
383281
338498
410310
367331
409857
372184
375090
378299
392572
374281
351596
397950
362941
368917
372816
374842
372017
376987
385007
394518
362232
370785
359128
375192
372762
395131
373930
353628
365023
387134
326149
364718
388256
353592
386501
361396
390993
406232
411674
413583
324574
327099
401129
400536
420386
358082
393571
408743
401737
401529
398607
384714
356124
360745
418216
398403
344607
364192
388673
379255
412306
380696
378482
363117
388525
382673
401706
