0
232019614
195024072
246055933
216613369
253647349
256323477
230040551
229282685
204328103
211171028
230563419
215658866
211395680
200652431
162581720
214936102
216571788
236467649
235384932
233936945
229111059
249724004
213359889
222990724
246787838
251110685
249457545
248732547
222939255
244715377
249859886
252688564
237794235
206917282
247424013
255261190
253213762
235639043
254484491
250633523
221390614
250647565
233129710
206796598
235021507
180449296
220002092
224966554
220887472
235429371
231346637
236283559
215397040
231915176
200666432
232481691
227867422
183966818
247842291
253192914
255097911
255626885
248770313
249676765
244162843
249152976
198995770
246824746
208902792
253755566
257931000
227969213
235532868
213383065
225864982
249098175
255462310
179036507
230938514
197854012
243263806
239685653
222053617
206496510
250884859
255507103
256690004
237246004
207675349
216814202
232995898
249438581
230137916
230264034
238314436
210134612
224659234
247677753
233287026
