0
381082725
364320761
328549633
387163410
398146871
375627763
385005012
384516458
377293083
390408537
325259248
355411373
384246818
325519928
348827768
398264463
339882003
367975089
394104628
384752525
324985747
319197766
399616363
327911935
297150451
361353866
365891096
390911400
396173040
377033109
362904527
389599473
397704087
407194651
362063073
351010636
388946876
394956142
403294497
405743825
368612060
336708465
350156276
362739764
370815122
287062166
350775881
391440361
381426484
343658893
363445231
372773971
389564983
403182156
328418031
268371737
256441458
313680155
400450671
340629483
404905642
402238032
388085735
407023220
397931731
357902688
360370118
307374703
396862825
315276555
338885337
380090499
347519583
365762864
363045388
286173654
327092393
375843364
359267481
358215609
397030766
403764372
322883498
370380396
332306555
389209670
398323680
403042916
365485874
332722170
352345716
379881641
375581702
378438773
332789641
347917296
301784752
385765710
395375606
