0
1091687
529192
1096398
1887527
1778333
1864585
1775177
1743214
1584171
1805058
1942928
1783916
1900592
1690241
1699319
1799507
1971074
1910741
1858202
1913476
1918608
1718406
1786586
1896162
1880381
1814853
1703488
1685780
1947502
1880695
1687927
1804605
1841934
1961821
1872443
1717920
1611759
1734865
1694243
1751836
1724629
1761428
1737498
1780384
1778145
1613238
1830425
1607896
1707685
1707951
1725741
1754865
1836807
1870732
1719933
1736346
1713655
1671351
1641620
1898904
1669778
1702007
1886988
1783804
1901463
1801667
1663460
1759823
1823225
1641523
1719822
1807863
1659667
1698818
1633172
1907693
1867913
1789868
1745144
1557643
1928256
1876118
1803414
1450802
1656693
1634007
1590427
1669740
1822586
1774377
1757811
1700734
1668436
1761334
1843143
1820804
1707731
1777816
1852481
