0
1091203
529531
1002919
1910671
1595213
1848493
1683057
1824773
1713695
1718595
1755580
1867339
1865645
1962077
1862845
1913828
1947281
1956054
1715053
2011158
1917910
1908391
1961480
1788272
1703694
1839843
1972148
1649053
1843224
1744250
1769638
1695017
1497399
1807662
1940073
1896560
1933225
1837646
1511113
1937221
1888536
1723011
1741157
1738456
1877194
1914549
1939462
1920203
1902865
1778862
1517877
1713557
1723858
1705459
1921383
1876420
1949029
1885510
1487100
1777338
1651842
1956170
1740138
1918538
1814687
1667365
1816792
1620240
1646036
1767931
1914497
1939948
1928825
1746847
1853956
1920240
1835103
1739817
1745783
1721466
1951375
1887219
1940526
1798174
1829869
1842789
1737035
1597750
2016301
1883537
1977326
1778400
1756828
1907996
1695788
1866884
1873670
1685685
1699947
