0
379968157
366650368
315336676
280786143
290046117
388606117
401154258
406656755
396965205
314910216
287815809
376040828
409205077
352225938
386361253
403666003
417802980
418958982
346714113
339843320
366410103
374383651
290689100
392240146
311693557
364798342
394443175
400828143
352220351
356804002
339057331
380017411
376406108
388376195
355932487
391170276
322554505
340080978
343340568
375158400
301383614
312295526
321158041
287666620
314622335
310718628
390506216
261801733
355954928
387936509
363869625
340763382
355237151
369501577
390638567
354776981
363757105
345002636
369672529
361087243
347178985
338859680
306869891
313389796
295438013
394216263
382551892
338733120
370444775
333799655
360586741
345833819
308815561
386539291
308249258
381202672
354485309
267563184
388130518
347904859
307869501
264288749
329159351
312470061
369741577
326728298
309160221
383164224
361765260
366929465
336736929
364540851
378730625
270302835
322371702
250783911
299480736
255557014
256129036
